1.300000011920928955e+00	1.300000011920928955e+00
-7.700000047683715820e+00	-7.700000047683715820e+00
-4.199999809265136719e+00	-4.199999809265136719e+00
-2.360000038146972656e+01	-2.360000038146972656e+01
-1.070000076293945312e+01	-1.070000076293945312e+01
-1.780000019073486328e+01	-1.780000019073486328e+01
-5.300000190734863281e+00	-5.300000190734863281e+00
-2.169999980926513672e+01	-2.169999980926513672e+01
1.880000019073486328e+01	1.880000019073486328e+01
8.399999618530273438e+00	8.399999618530273438e+00
6.800000190734863281e+00	6.800000190734863281e+00
2.410000038146972656e+01	2.410000038146972656e+01
-5.800000190734863281e+00	-5.800000190734863281e+00
2.100000381469726562e+00	2.100000381469726562e+00
1.869999980926513672e+01	1.869999980926513672e+01
2.439999961853027344e+01	2.439999961853027344e+01
2.100000000000000000e+01	2.100000000000000000e+01
1.150000000000000000e+01	1.150000000000000000e+01
-5.700000762939453125e+00	-5.700000762939453125e+00
2.000000000000000000e+00	2.000000000000000000e+00
-1.699998855590820312e+00	-1.699998855590820312e+00
-2.500000000000000000e+00	-2.500000000000000000e+00
-3.100000381469726562e+00	-3.100000381469726562e+00
4.100000381469726562e+00	4.100000381469726562e+00
1.100000381469726562e+00	1.100000381469726562e+00
-1.090000152587890625e+01	-1.090000152587890625e+01
3.199998855590820312e+00	3.199998855590820312e+00
-2.299999237060546875e+00	-2.299999237060546875e+00
-2.210000038146972656e+01	-2.210000038146972656e+01
8.899999618530273438e+00	8.899999618530273438e+00
-8.799999237060546875e+00	-8.799999237060546875e+00
9.500000000000000000e+00	9.500000000000000000e+00
-2.129999923706054688e+01	-2.129999923706054688e+01
-7.400001525878906250e+00	-7.400001525878906250e+00
-7.600000381469726562e+00	-7.600000381469726562e+00
-1.529999923706054688e+01	-1.529999923706054688e+01
-2.289999961853027344e+01	-2.289999961853027344e+01
1.079999923706054688e+01	1.079999923706054688e+01
-1.229999923706054688e+01	-1.229999923706054688e+01
1.200000762939453125e+00	1.200000762939453125e+00
-2.289999961853027344e+01	-2.289999961853027344e+01
-1.700000000000000000e+01	-1.700000000000000000e+01
-1.000003814697265625e-01	-1.000003814697265625e-01
1.910000038146972656e+01	1.910000038146972656e+01
-2.000000000000000000e+00	-2.000000000000000000e+00
-2.410000038146972656e+01	-2.410000038146972656e+01
1.950000000000000000e+01	1.950000000000000000e+01
1.110000228881835938e+01	1.110000228881835938e+01
-2.209999847412109375e+01	-2.209999847412109375e+01
-1.080000305175781250e+01	-1.080000305175781250e+01
-2.360000228881835938e+01	-2.360000228881835938e+01
-2.200000762939453125e+00	-2.200000762939453125e+00
-1.070000076293945312e+01	-1.070000076293945312e+01
9.200000762939453125e+00	9.200000762939453125e+00
-2.320000076293945312e+01	-2.320000076293945312e+01
1.000000000000000000e+00	1.000000000000000000e+00
-3.100002288818359375e+00	-3.100002288818359375e+00
2.000007629394531250e-01	2.000007629394531250e-01
1.129999923706054688e+01	1.129999923706054688e+01
-3.000000000000000000e+00	-3.000000000000000000e+00
-2.100000000000000000e+01	-2.100000000000000000e+01
1.970000076293945312e+01	1.970000076293945312e+01
4.000000000000000000e+00	4.000000000000000000e+00
-1.590000152587890625e+01	-1.590000152587890625e+01
-6.000000000000000000e+00	-6.000000000000000000e+00
-1.840000152587890625e+01	-1.840000152587890625e+01
1.579999923706054688e+01	1.579999923706054688e+01
-1.750000000000000000e+01	-1.750000000000000000e+01
2.200000000000000000e+01	2.200000000000000000e+01
-1.650000000000000000e+01	-1.650000000000000000e+01
3.700000762939453125e+00	3.700000762939453125e+00
9.799999237060546875e+00	9.799999237060546875e+00
-9.799999237060546875e+00	-9.799999237060546875e+00
6.000000000000000000e+00	6.000000000000000000e+00
-1.600000000000000000e+01	-1.600000000000000000e+01
-6.599998474121093750e+00	-6.599998474121093750e+00
1.290000152587890625e+01	1.290000152587890625e+01
7.200000762939453125e+00	7.200000762939453125e+00
1.870000076293945312e+01	1.870000076293945312e+01
-1.300000000000000000e+01	-1.300000000000000000e+01
-2.229999923706054688e+01	-2.229999923706054688e+01
-2.279999923706054688e+01	-2.279999923706054688e+01
-1.720000076293945312e+01	-1.720000076293945312e+01
6.899997711181640625e+00	6.899997711181640625e+00
2.700000762939453125e+00	2.700000762939453125e+00
1.959999847412109375e+01	1.959999847412109375e+01
-1.060000228881835938e+01	-1.060000228881835938e+01
4.000015258789062500e-01	4.000015258789062500e-01
-9.699996948242187500e+00	-9.699996948242187500e+00
-1.800000000000000000e+01	-1.800000000000000000e+01
1.420000457763671875e+01	1.420000457763671875e+01
-1.209999847412109375e+01	-1.209999847412109375e+01
-5.700004577636718750e+00	-5.700004577636718750e+00
-2.319999694824218750e+01	-2.319999694824218750e+01
-2.459999847412109375e+01	-2.459999847412109375e+01
2.350000000000000000e+01	2.350000000000000000e+01
-1.799995422363281250e+00	-1.799995422363281250e+00
-2.229999542236328125e+01	-2.229999542236328125e+01
2.040000152587890625e+01	2.040000152587890625e+01
2.430000305175781250e+01	2.430000305175781250e+01
1.150000000000000000e+01	1.150000000000000000e+01
1.850000000000000000e+01	1.850000000000000000e+01
-1.509999847412109375e+01	-1.509999847412109375e+01
-1.529999542236328125e+01	-1.529999542236328125e+01
2.460000610351562500e+01	2.460000610351562500e+01
-2.199996948242187500e+00	-2.199996948242187500e+00
-4.900001525878906250e+00	-4.900001525878906250e+00
-2.300003051757812500e+00	-2.300003051757812500e+00
2.200004577636718750e+00	2.200004577636718750e+00
-1.819999694824218750e+01	-1.819999694824218750e+01
2.799995422363281250e+00	2.799995422363281250e+00
5.000000000000000000e+00	5.000000000000000000e+00
1.930000305175781250e+01	1.930000305175781250e+01
-2.059999847412109375e+01	-2.059999847412109375e+01
-2.199996948242187500e+00	-2.199996948242187500e+00
-1.430000305175781250e+01	-1.430000305175781250e+01
-2.430000305175781250e+01	-2.430000305175781250e+01
8.500000000000000000e+00	8.500000000000000000e+00
5.999984741210937500e-01	5.999984741210937500e-01
-7.400001525878906250e+00	-7.400001525878906250e+00
2.000000000000000000e+00	2.000000000000000000e+00
-2.159999847412109375e+01	-2.159999847412109375e+01
-1.600006103515625000e+00	-1.600006103515625000e+00
1.900000000000000000e+01	1.900000000000000000e+01
-5.799995422363281250e+00	-5.799995422363281250e+00
6.300003051757812500e+00	6.300003051757812500e+00
1.879999542236328125e+01	1.879999542236328125e+01
1.450000000000000000e+01	1.450000000000000000e+01
-1.170000457763671875e+01	-1.170000457763671875e+01
2.440000152587890625e+01	2.440000152587890625e+01
-2.469999694824218750e+01	-2.469999694824218750e+01
3.000000000000000000e+00	3.000000000000000000e+00
1.670000457763671875e+01	1.670000457763671875e+01
-2.320000457763671875e+01	-2.320000457763671875e+01
-2.350000000000000000e+01	-2.350000000000000000e+01
1.740000152587890625e+01	1.740000152587890625e+01
-6.500000000000000000e+00	-6.500000000000000000e+00
6.300003051757812500e+00	6.300003051757812500e+00
-4.699996948242187500e+00	-4.699996948242187500e+00
-1.330000305175781250e+01	-1.330000305175781250e+01
2.360000610351562500e+01	2.360000610351562500e+01
2.800003051757812500e+00	2.800003051757812500e+00
2.800003051757812500e+00	2.800003051757812500e+00
-1.059999847412109375e+01	-1.059999847412109375e+01
2.500000000000000000e+00	2.500000000000000000e+00
1.030000305175781250e+01	1.030000305175781250e+01
1.690000152587890625e+01	1.690000152587890625e+01
-1.030000305175781250e+01	-1.030000305175781250e+01
5.900001525878906250e+00	5.900001525878906250e+00
4.699996948242187500e+00	4.699996948242187500e+00
2.329999542236328125e+01	2.329999542236328125e+01
1.280000305175781250e+01	1.280000305175781250e+01
2.269999694824218750e+01	2.269999694824218750e+01
-1.819999694824218750e+01	-1.819999694824218750e+01
2.900001525878906250e+00	2.900001525878906250e+00
5.000000000000000000e+00	5.000000000000000000e+00
-1.319999694824218750e+01	-1.319999694824218750e+01
2.369999694824218750e+01	2.369999694824218750e+01
1.210000610351562500e+01	1.210000610351562500e+01
-1.909999847412109375e+01	-1.909999847412109375e+01
2.400001525878906250e+00	2.400001525878906250e+00
4.000015258789062500e-01	4.000015258789062500e-01
9.100006103515625000e+00	9.100006103515625000e+00
1.789999389648437500e+01	1.789999389648437500e+01
