1.909999990463256836e+01	-1.909999990463256836e+01
1.850000000000000000e+01	-1.850000000000000000e+01
-2.059999990463256836e+01	2.059999990463256836e+01
-2.059999990463256836e+01	2.059999990463256836e+01
-1.880000019073486328e+01	1.880000019073486328e+01
1.750000000000000000e+01	-1.750000000000000000e+01
1.319999980926513672e+01	-1.319999980926513672e+01
1.550000000000000000e+01	-1.550000000000000000e+01
-2.200000000000000000e+01	2.200000000000000000e+01
-5.000000000000000000e+00	5.000000000000000000e+00
-2.159999990463256836e+01	2.159999990463256836e+01
-2.000000000000000000e+00	2.000000000000000000e+00
3.299999713897705078e+00	-3.299999713897705078e+00
1.119999980926513672e+01	-1.119999980926513672e+01
1.899999618530273438e+00	-1.899999618530273438e+00
1.760000038146972656e+01	-1.760000038146972656e+01
1.580000019073486328e+01	-1.580000019073486328e+01
6.599999904632568359e+00	-6.599999904632568359e+00
-2.269999980926513672e+01	2.269999980926513672e+01
-1.550000000000000000e+01	1.550000000000000000e+01
6.699999809265136719e+00	-6.699999809265136719e+00
-8.199999809265136719e+00	8.199999809265136719e+00
9.500000000000000000e+00	-9.500000000000000000e+00
1.529999923706054688e+01	-1.529999923706054688e+01
2.219999980926513672e+01	-2.219999980926513672e+01
2.000000000000000000e+01	-2.000000000000000000e+01
1.790000057220458984e+01	-1.790000057220458984e+01
1.539999961853027344e+01	-1.539999961853027344e+01
-1.200000000000000000e+01	1.200000000000000000e+01
-2.410000038146972656e+01	2.410000038146972656e+01
2.999992370605468750e-01	-2.999992370605468750e-01
-9.299999237060546875e+00	9.299999237060546875e+00
-7.300000190734863281e+00	7.300000190734863281e+00
1.689999961853027344e+01	-1.689999961853027344e+01
-6.500000000000000000e+00	6.500000000000000000e+00
8.000011444091796875e-01	-8.000011444091796875e-01
-2.300000000000000000e+01	2.300000000000000000e+01
-1.510000038146972656e+01	1.510000038146972656e+01
-1.400000000000000000e+01	1.400000000000000000e+01
1.430000114440917969e+01	-1.430000114440917969e+01
4.500000000000000000e+00	-4.500000000000000000e+00
-4.500000000000000000e+00	4.500000000000000000e+00
-2.230000114440917969e+01	2.230000114440917969e+01
6.800001144409179688e+00	-6.800001144409179688e+00
-2.000000000000000000e+00	2.000000000000000000e+00
1.760000038146972656e+01	-1.760000038146972656e+01
-1.859999847412109375e+01	1.859999847412109375e+01
2.450000000000000000e+01	-2.450000000000000000e+01
2.299999237060546875e+00	-2.299999237060546875e+00
3.600000381469726562e+00	-3.600000381469726562e+00
-5.899999618530273438e+00	5.899999618530273438e+00
1.899999618530273438e+00	-1.899999618530273438e+00
-5.399999618530273438e+00	5.399999618530273438e+00
7.000007629394531250e-01	-7.000007629394531250e-01
-1.550000000000000000e+01	1.550000000000000000e+01
1.299999237060546875e+00	-1.299999237060546875e+00
-3.899999618530273438e+00	3.899999618530273438e+00
1.070000076293945312e+01	-1.070000076293945312e+01
-2.489999961853027344e+01	2.489999961853027344e+01
-1.029999923706054688e+01	1.029999923706054688e+01
-1.279999923706054688e+01	1.279999923706054688e+01
-1.679999923706054688e+01	1.679999923706054688e+01
6.200000762939453125e+00	-6.200000762939453125e+00
5.899997711181640625e+00	-5.899997711181640625e+00
-1.140000152587890625e+01	1.140000152587890625e+01
1.339999771118164062e+01	-1.339999771118164062e+01
-1.159999847412109375e+01	1.159999847412109375e+01
1.689999771118164062e+01	-1.689999771118164062e+01
1.450000000000000000e+01	-1.450000000000000000e+01
8.299999237060546875e+00	-8.299999237060546875e+00
-1.450000000000000000e+01	1.450000000000000000e+01
1.000000000000000000e+01	-1.000000000000000000e+01
1.419999694824218750e+01	-1.419999694824218750e+01
2.500000000000000000e+00	-2.500000000000000000e+00
-8.900001525878906250e+00	8.900001525878906250e+00
-1.950000000000000000e+01	1.950000000000000000e+01
-2.419999694824218750e+01	2.419999694824218750e+01
-2.220000457763671875e+01	2.220000457763671875e+01
6.199996948242187500e+00	-6.199996948242187500e+00
1.890000152587890625e+01	-1.890000152587890625e+01
1.999969482421875000e-01	-1.999969482421875000e-01
-1.489999389648437500e+01	1.489999389648437500e+01
-4.699996948242187500e+00	4.699996948242187500e+00
-1.690000152587890625e+01	1.690000152587890625e+01
-2.270000457763671875e+01	2.270000457763671875e+01
1.790000152587890625e+01	-1.790000152587890625e+01
3.699996948242187500e+00	-3.699996948242187500e+00
-1.430000305175781250e+01	1.430000305175781250e+01
-1.029999542236328125e+01	1.029999542236328125e+01
7.600006103515625000e+00	-7.600006103515625000e+00
1.109999847412109375e+01	-1.109999847412109375e+01
-1.269999694824218750e+01	1.269999694824218750e+01
7.800003051757812500e+00	-7.800003051757812500e+00
-8.399993896484375000e+00	8.399993896484375000e+00
2.170000457763671875e+01	-2.170000457763671875e+01
1.609999847412109375e+01	-1.609999847412109375e+01
1.439999389648437500e+01	-1.439999389648437500e+01
-1.569999694824218750e+01	1.569999694824218750e+01
2.000000000000000000e+01	-2.000000000000000000e+01
1.669999694824218750e+01	-1.669999694824218750e+01
1.300000000000000000e+01	-1.300000000000000000e+01
1.699996948242187500e+00	-1.699996948242187500e+00
-1.569999694824218750e+01	1.569999694824218750e+01
1.580000305175781250e+01	-1.580000305175781250e+01
1.410000610351562500e+01	-1.410000610351562500e+01
-2.230000305175781250e+01	2.230000305175781250e+01
-1.770000457763671875e+01	1.770000457763671875e+01
-1.540000152587890625e+01	1.540000152587890625e+01
-1.770000457763671875e+01	1.770000457763671875e+01
2.139999389648437500e+01	-2.139999389648437500e+01
1.500000000000000000e+00	-1.500000000000000000e+00
1.700000000000000000e+01	-1.700000000000000000e+01
-1.540000152587890625e+01	1.540000152587890625e+01
-9.100006103515625000e+00	9.100006103515625000e+00
1.769999694824218750e+01	-1.769999694824218750e+01
1.280000305175781250e+01	-1.280000305175781250e+01
-1.930000305175781250e+01	1.930000305175781250e+01
1.319999694824218750e+01	-1.319999694824218750e+01
1.090000152587890625e+01	-1.090000152587890625e+01
1.530000305175781250e+01	-1.530000305175781250e+01
