8.600000001490116119e+00	8.600000001490116119e+00
8.700000047683715820e+00	8.700000047683715820e+00
-2.059999990463256836e+01	-2.059999990463256836e+01
1.010000002384185791e+01	1.010000002384185791e+01
-2.000000476837158203e-01	-2.000000476837158203e-01
5.100000023841857910e+00	5.100000023841857910e+00
6.799999952316284180e+00	6.799999952316284180e+00
-1.260000014305114746e+01	-1.260000014305114746e+01
1.279999995231628418e+01	1.279999995231628418e+01
1.220000004768371582e+01	1.220000004768371582e+01
-5.700000047683715820e+00	-5.700000047683715820e+00
-4.899999618530273438e+00	-4.899999618530273438e+00
2.439999961853027344e+01	2.439999961853027344e+01
-4.199999809265136719e+00	-4.199999809265136719e+00
-5.099999904632568359e+00	-5.099999904632568359e+00
2.459999990463256836e+01	2.459999990463256836e+01
2.259999990463256836e+01	2.259999990463256836e+01
-2.200000286102294922e+00	-2.200000286102294922e+00
4.900000095367431641e+00	4.900000095367431641e+00
1.609999990463256836e+01	1.609999990463256836e+01
-6.599999904632568359e+00	-6.599999904632568359e+00
-1.560000038146972656e+01	-1.560000038146972656e+01
1.280000019073486328e+01	1.280000019073486328e+01
1.200000000000000000e+01	1.200000000000000000e+01
1.750000000000000000e+01	1.750000000000000000e+01
7.200000762939453125e+00	7.200000762939453125e+00
-2.230000019073486328e+01	-2.230000019073486328e+01
1.680000019073486328e+01	1.680000019073486328e+01
1.159999942779541016e+01	1.159999942779541016e+01
1.739999961853027344e+01	1.739999961853027344e+01
-1.130000019073486328e+01	-1.130000019073486328e+01
-2.389999961853027344e+01	-2.389999961853027344e+01
-1.889999961853027344e+01	-1.889999961853027344e+01
-9.000000000000000000e+00	-9.000000000000000000e+00
8.000000000000000000e+00	8.000000000000000000e+00
-2.169999980926513672e+01	-2.169999980926513672e+01
-1.789999961853027344e+01	-1.789999961853027344e+01
-2.210000038146972656e+01	-2.210000038146972656e+01
1.000000000000000000e+01	1.000000000000000000e+01
-2.219999980926513672e+01	-2.219999980926513672e+01
5.099999427795410156e+00	5.099999427795410156e+00
-1.040000152587890625e+01	-1.040000152587890625e+01
6.899999618530273438e+00	6.899999618530273438e+00
1.000003814697265625e-01	1.000003814697265625e-01
6.000003814697265625e-01	6.000003814697265625e-01
-9.700000762939453125e+00	-9.700000762939453125e+00
-8.600000381469726562e+00	-8.600000381469726562e+00
1.670000076293945312e+01	1.670000076293945312e+01
5.000000000000000000e+00	5.000000000000000000e+00
-2.120000076293945312e+01	-2.120000076293945312e+01
1.200000000000000000e+01	1.200000000000000000e+01
1.759999847412109375e+01	1.759999847412109375e+01
-1.300000000000000000e+01	-1.300000000000000000e+01
2.400000000000000000e+01	2.400000000000000000e+01
-2.129999923706054688e+01	-2.129999923706054688e+01
1.750000000000000000e+01	1.750000000000000000e+01
-1.829999923706054688e+01	-1.829999923706054688e+01
2.389999771118164062e+01	2.389999771118164062e+01
1.799999237060546875e+00	1.799999237060546875e+00
1.599998474121093750e+00	1.599998474121093750e+00
-3.599998474121093750e+00	-3.599998474121093750e+00
-1.579999923706054688e+01	-1.579999923706054688e+01
-5.400001525878906250e+00	-5.400001525878906250e+00
-2.179999923706054688e+01	-2.179999923706054688e+01
-3.599998474121093750e+00	-3.599998474121093750e+00
-1.679999923706054688e+01	-1.679999923706054688e+01
6.700000762939453125e+00	6.700000762939453125e+00
-8.100002288818359375e+00	-8.100002288818359375e+00
2.350000000000000000e+01	2.350000000000000000e+01
2.379999923706054688e+01	2.379999923706054688e+01
2.500000000000000000e+00	2.500000000000000000e+00
2.109999847412109375e+01	2.109999847412109375e+01
2.079999923706054688e+01	2.079999923706054688e+01
-2.220000076293945312e+01	-2.220000076293945312e+01
1.400000000000000000e+01	1.400000000000000000e+01
6.100002288818359375e+00	6.100002288818359375e+00
2.079999923706054688e+01	2.079999923706054688e+01
2.070000076293945312e+01	2.070000076293945312e+01
1.409999847412109375e+01	1.409999847412109375e+01
2.500000000000000000e+00	2.500000000000000000e+00
-1.130000305175781250e+01	-1.130000305175781250e+01
-7.500000000000000000e+00	-7.500000000000000000e+00
6.399997711181640625e+00	6.399997711181640625e+00
-1.090000152587890625e+01	-1.090000152587890625e+01
1.700000000000000000e+01	1.700000000000000000e+01
-1.110000228881835938e+01	-1.110000228881835938e+01
-3.400001525878906250e+00	-3.400001525878906250e+00
-1.100000000000000000e+01	-1.100000000000000000e+01
1.989999771118164062e+01	1.989999771118164062e+01
1.400000000000000000e+01	1.400000000000000000e+01
-6.700000762939453125e+00	-6.700000762939453125e+00
2.239999771118164062e+01	2.239999771118164062e+01
-3.200000762939453125e+00	-3.200000762939453125e+00
-2.420000076293945312e+01	-2.420000076293945312e+01
-1.780000305175781250e+01	-1.780000305175781250e+01
-1.879999923706054688e+01	-1.879999923706054688e+01
-2.060000228881835938e+01	-2.060000228881835938e+01
-6.500000000000000000e+00	-6.500000000000000000e+00
1.600000000000000000e+01	1.600000000000000000e+01
1.400001525878906250e+00	1.400001525878906250e+00
1.370000076293945312e+01	1.370000076293945312e+01
-1.900000000000000000e+01	-1.900000000000000000e+01
-3.899997711181640625e+00	-3.899997711181640625e+00
1.970000076293945312e+01	1.970000076293945312e+01
-1.010000228881835938e+01	-1.010000228881835938e+01
-5.599998474121093750e+00	-5.599998474121093750e+00
9.699996948242187500e+00	9.699996948242187500e+00
-1.500000000000000000e+00	-1.500000000000000000e+00
-1.430000305175781250e+01	-1.430000305175781250e+01
2.220000076293945312e+01	2.220000076293945312e+01
1.659999847412109375e+01	1.659999847412109375e+01
-1.689999771118164062e+01	-1.689999771118164062e+01
1.530000305175781250e+01	1.530000305175781250e+01
1.320000076293945312e+01	1.320000076293945312e+01
1.320000076293945312e+01	1.320000076293945312e+01
-2.100002288818359375e+00	-2.100002288818359375e+00
4.900001525878906250e+00	4.900001525878906250e+00
-2.300000000000000000e+01	-2.300000000000000000e+01
2.070000076293945312e+01	2.070000076293945312e+01
2.459999847412109375e+01	2.459999847412109375e+01
3.599998474121093750e+00	3.599998474121093750e+00
-1.590000152587890625e+01	-1.590000152587890625e+01
5.000000000000000000e+00	5.000000000000000000e+00
3.600006103515625000e+00	3.600006103515625000e+00
2.239999389648437500e+01	2.239999389648437500e+01
2.179999542236328125e+01	2.179999542236328125e+01
1.100000000000000000e+01	1.100000000000000000e+01
-5.700004577636718750e+00	-5.700004577636718750e+00
2.359999847412109375e+01	2.359999847412109375e+01
-5.700004577636718750e+00	-5.700004577636718750e+00
-2.020000457763671875e+01	-2.020000457763671875e+01
1.459999847412109375e+01	1.459999847412109375e+01
6.300003051757812500e+00	6.300003051757812500e+00
-1.800000000000000000e+01	-1.800000000000000000e+01
-1.690000152587890625e+01	-1.690000152587890625e+01
-2.280000305175781250e+01	-2.280000305175781250e+01
-1.909999847412109375e+01	-1.909999847412109375e+01
-2.080000305175781250e+01	-2.080000305175781250e+01
4.600006103515625000e+00	4.600006103515625000e+00
6.500000000000000000e+00	6.500000000000000000e+00
1.930000305175781250e+01	1.930000305175781250e+01
-1.609999847412109375e+01	-1.609999847412109375e+01
1.509999847412109375e+01	1.509999847412109375e+01
-1.600000000000000000e+01	-1.600000000000000000e+01
1.529999542236328125e+01	1.529999542236328125e+01
-1.670000457763671875e+01	-1.670000457763671875e+01
2.169999694824218750e+01	2.169999694824218750e+01
1.059999847412109375e+01	1.059999847412109375e+01
1.890000152587890625e+01	1.890000152587890625e+01
1.500000000000000000e+01	1.500000000000000000e+01
-2.350000000000000000e+01	-2.350000000000000000e+01
5.199996948242187500e+00	5.199996948242187500e+00
-2.370000457763671875e+01	-2.370000457763671875e+01
1.740000152587890625e+01	1.740000152587890625e+01
-3.300003051757812500e+00	-3.300003051757812500e+00
-2.239999389648437500e+01	-2.239999389648437500e+01
7.099998474121093750e+00	7.099998474121093750e+00
-2.250000000000000000e+01	-2.250000000000000000e+01
1.719999694824218750e+01	1.719999694824218750e+01
2.469999694824218750e+01	2.469999694824218750e+01
2.199996948242187500e+00	2.199996948242187500e+00
-5.599998474121093750e+00	-5.599998474121093750e+00
2.409999847412109375e+01	2.409999847412109375e+01
8.300003051757812500e+00	8.300003051757812500e+00
-4.500000000000000000e+00	-4.500000000000000000e+00
-8.399993896484375000e+00	-8.399993896484375000e+00
-2.059999847412109375e+01	-2.059999847412109375e+01
-1.480000305175781250e+01	-1.480000305175781250e+01
-1.359999847412109375e+01	-1.359999847412109375e+01
1.290000152587890625e+01	1.290000152587890625e+01
1.780000305175781250e+01	1.780000305175781250e+01
-1.180000305175781250e+01	-1.180000305175781250e+01
1.059999847412109375e+01	1.059999847412109375e+01
-1.610000610351562500e+01	-1.610000610351562500e+01
-8.400001525878906250e+00	-8.400001525878906250e+00
2.309999847412109375e+01	2.309999847412109375e+01
-7.000000000000000000e+00	-7.000000000000000000e+00
1.809999847412109375e+01	1.809999847412109375e+01
9.099998474121093750e+00	9.099998474121093750e+00
2.150000000000000000e+01	2.150000000000000000e+01
-1.170000457763671875e+01	-1.170000457763671875e+01
1.950000000000000000e+01	1.950000000000000000e+01
1.740000152587890625e+01	1.740000152587890625e+01
-2.050000000000000000e+01	-2.050000000000000000e+01
-7.300003051757812500e+00	-7.300003051757812500e+00
-1.140000152587890625e+01	-1.140000152587890625e+01
-2.389999389648437500e+01	-2.389999389648437500e+01
2.300000000000000000e+01	2.300000000000000000e+01
4.600006103515625000e+00	4.600006103515625000e+00
-5.400001525878906250e+00	-5.400001525878906250e+00
-1.490000152587890625e+01	-1.490000152587890625e+01
1.250000000000000000e+01	1.250000000000000000e+01
-2.399993896484375000e+00	-2.399993896484375000e+00
