5.400000035762786865e+00	5.400000035762786865e+00
-3.800000011920928955e+00	-3.800000011920928955e+00
9.000000000000000000e+00	9.000000000000000000e+00
-4.600000023841857910e+00	-4.600000023841857910e+00
-1.710000014305114746e+01	-1.710000014305114746e+01
1.029999995231628418e+01	1.029999995231628418e+01
-1.220000004768371582e+01	-1.220000004768371582e+01
-1.490000009536743164e+01	-1.490000009536743164e+01
-1.280000019073486328e+01	-1.280000019073486328e+01
1.050000000000000000e+01	1.050000000000000000e+01
-1.120000028610229492e+01	-1.120000028610229492e+01
-1.700000000000000000e+01	-1.700000000000000000e+01
1.420000028610229492e+01	1.420000028610229492e+01
1.500000000000000000e+00	1.500000000000000000e+00
-2.399999618530273438e+00	-2.399999618530273438e+00
-5.500000000000000000e+00	-5.500000000000000000e+00
5.700000286102294922e+00	5.700000286102294922e+00
1.440000057220458984e+01	1.440000057220458984e+01
-1.399999618530273438e+00	-1.399999618530273438e+00
1.530000019073486328e+01	1.530000019073486328e+01
-2.500000000000000000e+00	-2.500000000000000000e+00
2.089999961853027344e+01	2.089999961853027344e+01
-1.150000000000000000e+01	-1.150000000000000000e+01
1.750000000000000000e+01	1.750000000000000000e+01
1.169999980926513672e+01	1.169999980926513672e+01
-1.579999923706054688e+01	-1.579999923706054688e+01
-2.089999961853027344e+01	-2.089999961853027344e+01
-1.600000381469726562e+00	-1.600000381469726562e+00
1.689999961853027344e+01	1.689999961853027344e+01
-1.900000000000000000e+01	-1.900000000000000000e+01
2.159999942779541016e+01	2.159999942779541016e+01
-7.699999809265136719e+00	-7.699999809265136719e+00
-1.410000038146972656e+01	-1.410000038146972656e+01
9.100000381469726562e+00	9.100000381469726562e+00
2.239999961853027344e+01	2.239999961853027344e+01
1.579999923706054688e+01	1.579999923706054688e+01
-1.320000076293945312e+01	-1.320000076293945312e+01
4.799999237060546875e+00	4.799999237060546875e+00
2.430000114440917969e+01	2.430000114440917969e+01
-1.250000000000000000e+01	-1.250000000000000000e+01
3.000000000000000000e+00	3.000000000000000000e+00
-1.420000076293945312e+01	-1.420000076293945312e+01
2.180000114440917969e+01	2.180000114440917969e+01
2.180000114440917969e+01	2.180000114440917969e+01
7.899999618530273438e+00	7.899999618530273438e+00
-9.399999618530273438e+00	-9.399999618530273438e+00
1.700000762939453125e+00	1.700000762939453125e+00
-1.739999961853027344e+01	-1.739999961853027344e+01
5.000000000000000000e-01	5.000000000000000000e-01
7.100000381469726562e+00	7.100000381469726562e+00
-1.880000114440917969e+01	-1.880000114440917969e+01
2.899999618530273438e+00	2.899999618530273438e+00
-1.209999847412109375e+01	-1.209999847412109375e+01
1.799999237060546875e+00	1.799999237060546875e+00
-1.990000152587890625e+01	-1.990000152587890625e+01
1.220000076293945312e+01	1.220000076293945312e+01
2.039999961853027344e+01	2.039999961853027344e+01
9.299999237060546875e+00	9.299999237060546875e+00
-8.399999618530273438e+00	-8.399999618530273438e+00
9.200000762939453125e+00	9.200000762939453125e+00
2.000007629394531250e-01	2.000007629394531250e-01
1.750000000000000000e+01	1.750000000000000000e+01
1.120000076293945312e+01	1.120000076293945312e+01
-2.189999961853027344e+01	-2.189999961853027344e+01
2.010000038146972656e+01	2.010000038146972656e+01
-2.440000152587890625e+01	-2.440000152587890625e+01
1.719999885559082031e+01	1.719999885559082031e+01
-1.910000038146972656e+01	-1.910000038146972656e+01
-1.070000076293945312e+01	-1.070000076293945312e+01
-9.000000000000000000e+00	-9.000000000000000000e+00
1.389999961853027344e+01	1.389999961853027344e+01
-1.730000114440917969e+01	-1.730000114440917969e+01
2.799999237060546875e+00	2.799999237060546875e+00
-1.589999961853027344e+01	-1.589999961853027344e+01
-2.239999961853027344e+01	-2.239999961853027344e+01
-8.600000381469726562e+00	-8.600000381469726562e+00
-6.899999618530273438e+00	-6.899999618530273438e+00
-4.900001525878906250e+00	-4.900001525878906250e+00
7.000000000000000000e+00	7.000000000000000000e+00
-1.130000114440917969e+01	-1.130000114440917969e+01
1.899997711181640625e+00	1.899997711181640625e+00
9.299999237060546875e+00	9.299999237060546875e+00
9.699996948242187500e+00	9.699996948242187500e+00
-1.660000228881835938e+01	-1.660000228881835938e+01
-1.110000228881835938e+01	-1.110000228881835938e+01
1.840000152587890625e+01	1.840000152587890625e+01
1.979999923706054688e+01	1.979999923706054688e+01
-1.209999847412109375e+01	-1.209999847412109375e+01
-2.000000000000000000e+01	-2.000000000000000000e+01
-1.500000000000000000e+01	-1.500000000000000000e+01
5.700000762939453125e+00	5.700000762939453125e+00
-1.000000000000000000e+00	-1.000000000000000000e+00
2.200000000000000000e+01	2.200000000000000000e+01
-2.000000000000000000e+01	-2.000000000000000000e+01
-5.099998474121093750e+00	-5.099998474121093750e+00
-1.900001525878906250e+00	-1.900001525878906250e+00
-1.429999923706054688e+01	-1.429999923706054688e+01
9.299999237060546875e+00	9.299999237060546875e+00
-1.019999694824218750e+01	-1.019999694824218750e+01
1.370000076293945312e+01	1.370000076293945312e+01
0.000000000000000000e+00	0.000000000000000000e+00
7.500000000000000000e+00	7.500000000000000000e+00
1.689999771118164062e+01	1.689999771118164062e+01
4.000015258789062500e-01	4.000015258789062500e-01
-6.400001525878906250e+00	-6.400001525878906250e+00
1.990000152587890625e+01	1.990000152587890625e+01
7.799999237060546875e+00	7.799999237060546875e+00
1.790000152587890625e+01	1.790000152587890625e+01
2.039999771118164062e+01	2.039999771118164062e+01
-2.200000000000000000e+01	-2.200000000000000000e+01
-1.059999847412109375e+01	-1.059999847412109375e+01
2.420000076293945312e+01	2.420000076293945312e+01
1.640000152587890625e+01	1.640000152587890625e+01
2.470000076293945312e+01	2.470000076293945312e+01
-1.209999847412109375e+01	-1.209999847412109375e+01
-3.799999237060546875e+00	-3.799999237060546875e+00
1.790000152587890625e+01	1.790000152587890625e+01
-1.950000000000000000e+01	-1.950000000000000000e+01
1.400001525878906250e+00	1.400001525878906250e+00
-9.100002288818359375e+00	-9.100002288818359375e+00
1.309999847412109375e+01	1.309999847412109375e+01
-2.700000762939453125e+00	-2.700000762939453125e+00
2.170000076293945312e+01	2.170000076293945312e+01
-5.000000000000000000e-01	-5.000000000000000000e-01
9.500000000000000000e+00	9.500000000000000000e+00
7.000007629394531250e-01	7.000007629394531250e-01
-4.799999237060546875e+00	-4.799999237060546875e+00
9.200000762939453125e+00	9.200000762939453125e+00
-1.599998474121093750e+00	-1.599998474121093750e+00
-8.800003051757812500e+00	-8.800003051757812500e+00
1.279999923706054688e+01	1.279999923706054688e+01
9.199996948242187500e+00	9.199996948242187500e+00
7.100002288818359375e+00	7.100002288818359375e+00
1.270000076293945312e+01	1.270000076293945312e+01
1.390000152587890625e+01	1.390000152587890625e+01
1.789999771118164062e+01	1.789999771118164062e+01
2.800003051757812500e+00	2.800003051757812500e+00
1.260000228881835938e+01	1.260000228881835938e+01
2.050000000000000000e+01	2.050000000000000000e+01
2.430000305175781250e+01	2.430000305175781250e+01
-5.700000762939453125e+00	-5.700000762939453125e+00
1.740000152587890625e+01	1.740000152587890625e+01
2.470000076293945312e+01	2.470000076293945312e+01
-2.159999847412109375e+01	-2.159999847412109375e+01
-1.429999923706054688e+01	-1.429999923706054688e+01
-1.290000152587890625e+01	-1.290000152587890625e+01
-1.050000000000000000e+01	-1.050000000000000000e+01
-8.000000000000000000e+00	-8.000000000000000000e+00
-2.040000152587890625e+01	-2.040000152587890625e+01
1.279999923706054688e+01	1.279999923706054688e+01
-1.879999923706054688e+01	-1.879999923706054688e+01
-2.170000076293945312e+01	-2.170000076293945312e+01
-1.990000152587890625e+01	-1.990000152587890625e+01
-1.850000000000000000e+01	-1.850000000000000000e+01
-1.990000152587890625e+01	-1.990000152587890625e+01
1.400000000000000000e+01	1.400000000000000000e+01
1.840000152587890625e+01	1.840000152587890625e+01
-5.199996948242187500e+00	-5.199996948242187500e+00
2.699996948242187500e+00	2.699996948242187500e+00
-6.299995422363281250e+00	-6.299995422363281250e+00
1.370000457763671875e+01	1.370000457763671875e+01
-1.190000152587890625e+01	-1.190000152587890625e+01
1.890000152587890625e+01	1.890000152587890625e+01
1.540000152587890625e+01	1.540000152587890625e+01
-3.800003051757812500e+00	-3.800003051757812500e+00
2.230000305175781250e+01	2.230000305175781250e+01
-2.400001525878906250e+00	-2.400001525878906250e+00
-1.429999542236328125e+01	-1.429999542236328125e+01
-2.279999542236328125e+01	-2.279999542236328125e+01
6.100006103515625000e+00	6.100006103515625000e+00
7.500000000000000000e+00	7.500000000000000000e+00
8.000030517578125000e-01	8.000030517578125000e-01
-2.240000152587890625e+01	-2.240000152587890625e+01
5.099998474121093750e+00	5.099998474121093750e+00
1.730000305175781250e+01	1.730000305175781250e+01
-1.320000457763671875e+01	-1.320000457763671875e+01
-1.739999389648437500e+01	-1.739999389648437500e+01
-9.599998474121093750e+00	-9.599998474121093750e+00
-1.719999694824218750e+01	-1.719999694824218750e+01
-2.339999389648437500e+01	-2.339999389648437500e+01
-8.300003051757812500e+00	-8.300003051757812500e+00
-3.900001525878906250e+00	-3.900001525878906250e+00
7.999954223632812500e-01	7.999954223632812500e-01
1.969999694824218750e+01	1.969999694824218750e+01
-8.399993896484375000e+00	-8.399993896484375000e+00
-1.209999847412109375e+01	-1.209999847412109375e+01
-5.000000000000000000e+00	-5.000000000000000000e+00
-2.999954223632812500e-01	-2.999954223632812500e-01
-6.599998474121093750e+00	-6.599998474121093750e+00
-6.500000000000000000e+00	-6.500000000000000000e+00
-2.150000000000000000e+01	-2.150000000000000000e+01
1.400001525878906250e+00	1.400001525878906250e+00
-1.090000152587890625e+01	-1.090000152587890625e+01
-2.000000000000000000e+01	-2.000000000000000000e+01
1.950000000000000000e+01	1.950000000000000000e+01
9.400001525878906250e+00	9.400001525878906250e+00
1.209999847412109375e+01	1.209999847412109375e+01
1.500000000000000000e+00	1.500000000000000000e+00
-2.799995422363281250e+00	-2.799995422363281250e+00
-1.540000152587890625e+01	-1.540000152587890625e+01
-2.309999847412109375e+01	-2.309999847412109375e+01
1.550000000000000000e+01	1.550000000000000000e+01
1.809999847412109375e+01	1.809999847412109375e+01
5.599998474121093750e+00	5.599998474121093750e+00
2.080000305175781250e+01	2.080000305175781250e+01
1.119999694824218750e+01	1.119999694824218750e+01
-1.319999694824218750e+01	-1.319999694824218750e+01
6.899993896484375000e+00	6.899993896484375000e+00
1.890000152587890625e+01	1.890000152587890625e+01
-3.800003051757812500e+00	-3.800003051757812500e+00
2.900001525878906250e+00	2.900001525878906250e+00
5.099998474121093750e+00	5.099998474121093750e+00
1.540000152587890625e+01	1.540000152587890625e+01
-2.029999542236328125e+01	-2.029999542236328125e+01
-2.090000152587890625e+01	-2.090000152587890625e+01
1.790000152587890625e+01	1.790000152587890625e+01
1.930000305175781250e+01	1.930000305175781250e+01
1.900000000000000000e+01	1.900000000000000000e+01
6.800003051757812500e+00	6.800003051757812500e+00
3.599998474121093750e+00	3.599998474121093750e+00
-1.530000305175781250e+01	-1.530000305175781250e+01
-2.459999847412109375e+01	-2.459999847412109375e+01
-4.500000000000000000e+00	-4.500000000000000000e+00
3.799995422363281250e+00	3.799995422363281250e+00
4.000000000000000000e+00	4.000000000000000000e+00
-1.059999847412109375e+01	-1.059999847412109375e+01
1.890000152587890625e+01	1.890000152587890625e+01
-2.400001525878906250e+00	-2.400001525878906250e+00
-6.200004577636718750e+00	-6.200004577636718750e+00
1.500000000000000000e+00	1.500000000000000000e+00
1.240000152587890625e+01	1.240000152587890625e+01
6.599998474121093750e+00	6.599998474121093750e+00
-9.899993896484375000e+00	-9.899993896484375000e+00
-2.120000457763671875e+01	-2.120000457763671875e+01
9.900001525878906250e+00	9.900001525878906250e+00
-1.099998474121093750e+00	-1.099998474121093750e+00
1.550000000000000000e+01	1.550000000000000000e+01
-1.500000000000000000e+01	-1.500000000000000000e+01
2.069999694824218750e+01	2.069999694824218750e+01
-1.230000305175781250e+01	-1.230000305175781250e+01
2.900001525878906250e+00	2.900001525878906250e+00
2.050000000000000000e+01	2.050000000000000000e+01
1.740000152587890625e+01	1.740000152587890625e+01
1.900000000000000000e+01	1.900000000000000000e+01
-4.500000000000000000e+00	-4.500000000000000000e+00
-5.300003051757812500e+00	-5.300003051757812500e+00
1.399993896484375000e+00	1.399993896484375000e+00
1.439999389648437500e+01	1.439999389648437500e+01
-1.140000152587890625e+01	-1.140000152587890625e+01
-1.000000000000000000e+01	-1.000000000000000000e+01
4.300003051757812500e+00	4.300003051757812500e+00
-5.099998474121093750e+00	-5.099998474121093750e+00
-1.900001525878906250e+00	-1.900001525878906250e+00
-1.300000000000000000e+01	-1.300000000000000000e+01
-1.650000000000000000e+01	-1.650000000000000000e+01
-2.470000457763671875e+01	-2.470000457763671875e+01
-2.339999389648437500e+01	-2.339999389648437500e+01
1.030000305175781250e+01	1.030000305175781250e+01
-1.359999847412109375e+01	-1.359999847412109375e+01
-1.329999542236328125e+01	-1.329999542236328125e+01
2.230000305175781250e+01	2.230000305175781250e+01
1.119999694824218750e+01	1.119999694824218750e+01
