1.930000001192092896e+01	1.930000001192092896e+01
-1.150000000000000000e+01	-1.150000000000000000e+01
2.799999952316284180e+00	2.799999952316284180e+00
-1.979999995231628418e+01	-1.979999995231628418e+01
-1.629999995231628418e+01	-1.629999995231628418e+01
-5.299999952316284180e+00	-5.299999952316284180e+00
-1.540000009536743164e+01	-1.540000009536743164e+01
1.040000009536743164e+01	1.040000009536743164e+01
6.700000047683715820e+00	6.700000047683715820e+00
2.009999990463256836e+01	2.009999990463256836e+01
2.340000009536743164e+01	2.340000009536743164e+01
5.299999713897705078e+00	5.299999713897705078e+00
2.159999990463256836e+01	2.159999990463256836e+01
1.340000009536743164e+01	1.340000009536743164e+01
2.400000095367431641e+00	2.400000095367431641e+00
2.400000000000000000e+01	2.400000000000000000e+01
-3.000000000000000000e+00	-3.000000000000000000e+00
-3.099999427795410156e+00	-3.099999427795410156e+00
-2.159999942779541016e+01	-2.159999942779541016e+01
-8.800000190734863281e+00	-8.800000190734863281e+00
1.510000038146972656e+01	1.510000038146972656e+01
-1.239999961853027344e+01	-1.239999961853027344e+01
1.150000000000000000e+01	1.150000000000000000e+01
-2.130000019073486328e+01	-2.130000019073486328e+01
1.700000000000000000e+01	1.700000000000000000e+01
-2.180000019073486328e+01	-2.180000019073486328e+01
-1.510000038146972656e+01	-1.510000038146972656e+01
-2.230000019073486328e+01	-2.230000019073486328e+01
-1.369999980926513672e+01	-1.369999980926513672e+01
3.800000190734863281e+00	3.800000190734863281e+00
-1.019999980926513672e+01	-1.019999980926513672e+01
4.600000381469726562e+00	4.600000381469726562e+00
2.259999942779541016e+01	2.259999942779541016e+01
9.899999618530273438e+00	9.899999618530273438e+00
2.160000038146972656e+01	2.160000038146972656e+01
1.579999923706054688e+01	1.579999923706054688e+01
-7.000007629394531250e-01	-7.000007629394531250e-01
1.260000038146972656e+01	1.260000038146972656e+01
5.100000381469726562e+00	5.100000381469726562e+00
2.060000038146972656e+01	2.060000038146972656e+01
8.600000381469726562e+00	8.600000381469726562e+00
6.599998474121093750e+00	6.599998474121093750e+00
-9.000000000000000000e+00	-9.000000000000000000e+00
8.199998855590820312e+00	8.199998855590820312e+00
1.170000076293945312e+01	1.170000076293945312e+01
6.399999618530273438e+00	6.399999618530273438e+00
1.579999923706054688e+01	1.579999923706054688e+01
-2.100000381469726562e+00	-2.100000381469726562e+00
-1.950000000000000000e+01	-1.950000000000000000e+01
8.299999237060546875e+00	8.299999237060546875e+00
-2.060000038146972656e+01	-2.060000038146972656e+01
-8.900001525878906250e+00	-8.900001525878906250e+00
8.300001144409179688e+00	8.300001144409179688e+00
1.419999885559082031e+01	1.419999885559082031e+01
2.310000038146972656e+01	2.310000038146972656e+01
1.229999923706054688e+01	1.229999923706054688e+01
3.500000000000000000e+00	3.500000000000000000e+00
1.610000038146972656e+01	1.610000038146972656e+01
-1.630000114440917969e+01	-1.630000114440917969e+01
1.969999885559082031e+01	1.969999885559082031e+01
-2.389999961853027344e+01	-2.389999961853027344e+01
2.229999923706054688e+01	2.229999923706054688e+01
4.500000000000000000e+00	4.500000000000000000e+00
6.600000381469726562e+00	6.600000381469726562e+00
3.500000000000000000e+00	3.500000000000000000e+00
-8.500000000000000000e+00	-8.500000000000000000e+00
-1.459999847412109375e+01	-1.459999847412109375e+01
-2.699998855590820312e+00	-2.699998855590820312e+00
8.500000000000000000e+00	8.500000000000000000e+00
-8.899997711181640625e+00	-8.899997711181640625e+00
-1.470000076293945312e+01	-1.470000076293945312e+01
2.300000000000000000e+01	2.300000000000000000e+01
-1.700000000000000000e+01	-1.700000000000000000e+01
-1.139999771118164062e+01	-1.139999771118164062e+01
-1.679999923706054688e+01	-1.679999923706054688e+01
3.899997711181640625e+00	3.899997711181640625e+00
1.800000000000000000e+01	1.800000000000000000e+01
-2.339999771118164062e+01	-2.339999771118164062e+01
2.340000152587890625e+01	2.340000152587890625e+01
-3.299999237060546875e+00	-3.299999237060546875e+00
1.740000152587890625e+01	1.740000152587890625e+01
1.229999923706054688e+01	1.229999923706054688e+01
4.399997711181640625e+00	4.399997711181640625e+00
1.589999771118164062e+01	1.589999771118164062e+01
2.190000152587890625e+01	2.190000152587890625e+01
-1.309999847412109375e+01	-1.309999847412109375e+01
1.850000000000000000e+01	1.850000000000000000e+01
2.119999694824218750e+01	2.119999694824218750e+01
-2.309999847412109375e+01	-2.309999847412109375e+01
-4.299999237060546875e+00	-4.299999237060546875e+00
1.250000000000000000e+01	1.250000000000000000e+01
1.659999847412109375e+01	1.659999847412109375e+01
0.000000000000000000e+00	0.000000000000000000e+00
-8.100002288818359375e+00	-8.100002288818359375e+00
1.470000076293945312e+01	1.470000076293945312e+01
2.320000076293945312e+01	2.320000076293945312e+01
2.100002288818359375e+00	2.100002288818359375e+00
-1.239999771118164062e+01	-1.239999771118164062e+01
2.600002288818359375e+00	2.600002288818359375e+00
1.979999923706054688e+01	1.979999923706054688e+01
1.850000000000000000e+01	1.850000000000000000e+01
1.120000076293945312e+01	1.120000076293945312e+01
9.200000762939453125e+00	9.200000762939453125e+00
2.169999694824218750e+01	2.169999694824218750e+01
-1.369999694824218750e+01	-1.369999694824218750e+01
-2.299999237060546875e+00	-2.299999237060546875e+00
2.129999923706054688e+01	2.129999923706054688e+01
2.400001525878906250e+00	2.400001525878906250e+00
-1.979999923706054688e+01	-1.979999923706054688e+01
-1.860000228881835938e+01	-1.860000228881835938e+01
1.320000076293945312e+01	1.320000076293945312e+01
1.369999694824218750e+01	1.369999694824218750e+01
-1.850000000000000000e+01	-1.850000000000000000e+01
-2.009999847412109375e+01	-2.009999847412109375e+01
1.870000076293945312e+01	1.870000076293945312e+01
5.900001525878906250e+00	5.900001525878906250e+00
-1.570000076293945312e+01	-1.570000076293945312e+01
-1.820000076293945312e+01	-1.820000076293945312e+01
1.009999847412109375e+01	1.009999847412109375e+01
7.299999237060546875e+00	7.299999237060546875e+00
-4.599998474121093750e+00	-4.599998474121093750e+00
1.779999923706054688e+01	1.779999923706054688e+01
2.500000000000000000e+00	2.500000000000000000e+00
9.900001525878906250e+00	9.900001525878906250e+00
-6.800003051757812500e+00	-6.800003051757812500e+00
2.100000000000000000e+01	2.100000000000000000e+01
6.599998474121093750e+00	6.599998474121093750e+00
-8.599998474121093750e+00	-8.599998474121093750e+00
4.700000762939453125e+00	4.700000762939453125e+00
-3.299999237060546875e+00	-3.299999237060546875e+00
2.429999923706054688e+01	2.429999923706054688e+01
-1.939999771118164062e+01	-1.939999771118164062e+01
-2.429999923706054688e+01	-2.429999923706054688e+01
9.400001525878906250e+00	9.400001525878906250e+00
-1.979999923706054688e+01	-1.979999923706054688e+01
1.250000000000000000e+01	1.250000000000000000e+01
1.299999237060546875e+00	1.299999237060546875e+00
9.200000762939453125e+00	9.200000762939453125e+00
1.929999923706054688e+01	1.929999923706054688e+01
1.520000076293945312e+01	1.520000076293945312e+01
-2.700000762939453125e+00	-2.700000762939453125e+00
1.159999847412109375e+01	1.159999847412109375e+01
1.600006103515625000e+00	1.600006103515625000e+00
3.000030517578125000e-01	3.000030517578125000e-01
-1.100006103515625000e+00	-1.100006103515625000e+00
1.399993896484375000e+00	1.399993896484375000e+00
6.199996948242187500e+00	6.199996948242187500e+00
6.599998474121093750e+00	6.599998474121093750e+00
6.599998474121093750e+00	6.599998474121093750e+00
3.000000000000000000e+00	3.000000000000000000e+00
1.729999542236328125e+01	1.729999542236328125e+01
-4.500000000000000000e+00	-4.500000000000000000e+00
1.800000000000000000e+01	1.800000000000000000e+01
-2.110000610351562500e+01	-2.110000610351562500e+01
-1.079999542236328125e+01	-1.079999542236328125e+01
-2.099998474121093750e+00	-2.099998474121093750e+00
2.190000152587890625e+01	2.190000152587890625e+01
1.000000000000000000e+00	1.000000000000000000e+00
2.000000000000000000e+00	2.000000000000000000e+00
3.999938964843750000e-01	3.999938964843750000e-01
1.730000305175781250e+01	1.730000305175781250e+01
6.000000000000000000e+00	6.000000000000000000e+00
2.259999847412109375e+01	2.259999847412109375e+01
-2.409999847412109375e+01	-2.409999847412109375e+01
2.170000457763671875e+01	2.170000457763671875e+01
-2.490000152587890625e+01	-2.490000152587890625e+01
7.199996948242187500e+00	7.199996948242187500e+00
6.300003051757812500e+00	6.300003051757812500e+00
-9.400001525878906250e+00	-9.400001525878906250e+00
3.800003051757812500e+00	3.800003051757812500e+00
-1.230000305175781250e+01	-1.230000305175781250e+01
-2.190000152587890625e+01	-2.190000152587890625e+01
2.000000000000000000e+00	2.000000000000000000e+00
1.509999847412109375e+01	1.509999847412109375e+01
-2.059999847412109375e+01	-2.059999847412109375e+01
-2.469999694824218750e+01	-2.469999694824218750e+01
1.380000305175781250e+01	1.380000305175781250e+01
-1.570000457763671875e+01	-1.570000457763671875e+01
4.799995422363281250e+00	4.799995422363281250e+00
3.900001525878906250e+00	3.900001525878906250e+00
-2.400001525878906250e+00	-2.400001525878906250e+00
-2.300003051757812500e+00	-2.300003051757812500e+00
2.069999694824218750e+01	2.069999694824218750e+01
2.240000152587890625e+01	2.240000152587890625e+01
-1.389999389648437500e+01	-1.389999389648437500e+01
6.700004577636718750e+00	6.700004577636718750e+00
7.299995422363281250e+00	7.299995422363281250e+00
2.419999694824218750e+01	2.419999694824218750e+01
-1.850000000000000000e+01	-1.850000000000000000e+01
8.200004577636718750e+00	8.200004577636718750e+00
-9.000000000000000000e+00	-9.000000000000000000e+00
-1.930000305175781250e+01	-1.930000305175781250e+01
-3.299995422363281250e+00	-3.299995422363281250e+00
-1.850000000000000000e+01	-1.850000000000000000e+01
2.999954223632812500e-01	2.999954223632812500e-01
9.599998474121093750e+00	9.599998474121093750e+00
-6.799995422363281250e+00	-6.799995422363281250e+00
-5.299995422363281250e+00	-5.299995422363281250e+00
-8.699996948242187500e+00	-8.699996948242187500e+00
1.469999694824218750e+01	1.469999694824218750e+01
-2.380000305175781250e+01	-2.380000305175781250e+01
1.999969482421875000e-01	1.999969482421875000e-01
-1.180000305175781250e+01	-1.180000305175781250e+01
-1.800000000000000000e+01	-1.800000000000000000e+01
-1.830000305175781250e+01	-1.830000305175781250e+01
3.900001525878906250e+00	3.900001525878906250e+00
-3.099998474121093750e+00	-3.099998474121093750e+00
-4.900001525878906250e+00	-4.900001525878906250e+00
-1.019999694824218750e+01	-1.019999694824218750e+01
1.990000152587890625e+01	1.990000152587890625e+01
4.000000000000000000e+00	4.000000000000000000e+00
7.999954223632812500e-01	7.999954223632812500e-01
5.799995422363281250e+00	5.799995422363281250e+00
-4.400001525878906250e+00	-4.400001525878906250e+00
-1.690000152587890625e+01	-1.690000152587890625e+01
2.699996948242187500e+00	2.699996948242187500e+00
2.290000152587890625e+01	2.290000152587890625e+01
-2.219999694824218750e+01	-2.219999694824218750e+01
-8.300003051757812500e+00	-8.300003051757812500e+00
1.900000000000000000e+01	1.900000000000000000e+01
1.509999847412109375e+01	1.509999847412109375e+01
1.069999694824218750e+01	1.069999694824218750e+01
1.009999847412109375e+01	1.009999847412109375e+01
-1.390000152587890625e+01	-1.390000152587890625e+01
-7.700004577636718750e+00	-7.700004577636718750e+00
3.399993896484375000e+00	3.399993896484375000e+00
-1.580000305175781250e+01	-1.580000305175781250e+01
-1.629999542236328125e+01	-1.629999542236328125e+01
