1.270000004768371582e+01	1.270000004768371582e+01
-6.199999809265136719e+00	-6.199999809265136719e+00
1.669999980926513672e+01	1.669999980926513672e+01
4.600000143051147461e+00	4.600000143051147461e+00
1.599999904632568359e+00	1.599999904632568359e+00
-1.910000014305114746e+01	-1.910000014305114746e+01
-9.900000095367431641e+00	-9.900000095367431641e+00
1.890000009536743164e+01	1.890000009536743164e+01
2.500000000000000000e+00	2.500000000000000000e+00
-1.950000000000000000e+01	-1.950000000000000000e+01
-1.180000019073486328e+01	-1.180000019073486328e+01
-2.300000190734863281e+00	-2.300000190734863281e+00
-8.099999904632568359e+00	-8.099999904632568359e+00
-9.400000572204589844e+00	-9.400000572204589844e+00
-1.060000038146972656e+01	-1.060000038146972656e+01
-1.150000000000000000e+01	-1.150000000000000000e+01
1.619999980926513672e+01	1.619999980926513672e+01
2.019999980926513672e+01	2.019999980926513672e+01
-1.979999923706054688e+01	-1.979999923706054688e+01
1.319999980926513672e+01	1.319999980926513672e+01
5.400000572204589844e+00	5.400000572204589844e+00
2.039999961853027344e+01	2.039999961853027344e+01
1.839999961853027344e+01	1.839999961853027344e+01
9.000005722045898438e-01	9.000005722045898438e-01
1.300000000000000000e+01	1.300000000000000000e+01
3.000000000000000000e+00	3.000000000000000000e+00
1.380000019073486328e+01	1.380000019073486328e+01
-9.000000000000000000e+00	-9.000000000000000000e+00
1.909999942779541016e+01	1.909999942779541016e+01
6.600000381469726562e+00	6.600000381469726562e+00
5.399999618530273438e+00	5.399999618530273438e+00
2.430000019073486328e+01	2.430000019073486328e+01
-1.100000381469726562e+00	-1.100000381469726562e+00
-7.399999618530273438e+00	-7.399999618530273438e+00
1.120000076293945312e+01	1.120000076293945312e+01
-2.450000000000000000e+01	-2.450000000000000000e+01
1.610000038146972656e+01	1.610000038146972656e+01
-1.450000000000000000e+01	-1.450000000000000000e+01
2.460000038146972656e+01	2.460000038146972656e+01
-1.880000114440917969e+01	-1.880000114440917969e+01
9.100000381469726562e+00	9.100000381469726562e+00
-1.000000000000000000e+00	-1.000000000000000000e+00
1.170000076293945312e+01	1.170000076293945312e+01
1.370000076293945312e+01	1.370000076293945312e+01
-1.210000038146972656e+01	-1.210000038146972656e+01
-4.600000381469726562e+00	-4.600000381469726562e+00
-1.859999847412109375e+01	-1.859999847412109375e+01
1.139999961853027344e+01	1.139999961853027344e+01
-4.199998855590820312e+00	-4.199998855590820312e+00
-6.200000762939453125e+00	-6.200000762939453125e+00
1.589999961853027344e+01	1.589999961853027344e+01
-1.890000152587890625e+01	-1.890000152587890625e+01
-3.899999618530273438e+00	-3.899999618530273438e+00
1.199998855590820312e+00	1.199998855590820312e+00
-7.999992370605468750e-01	-7.999992370605468750e-01
6.000000000000000000e+00	6.000000000000000000e+00
1.999988555908203125e-01	1.999988555908203125e-01
-2.100000381469726562e+00	-2.100000381469726562e+00
8.700000762939453125e+00	8.700000762939453125e+00
1.550000000000000000e+01	1.550000000000000000e+01
9.600000381469726562e+00	9.600000381469726562e+00
-1.520000076293945312e+01	-1.520000076293945312e+01
-2.150000000000000000e+01	-2.150000000000000000e+01
2.379999923706054688e+01	2.379999923706054688e+01
1.950000000000000000e+01	1.950000000000000000e+01
-8.300001144409179688e+00	-8.300001144409179688e+00
1.970000076293945312e+01	1.970000076293945312e+01
2.450000000000000000e+01	2.450000000000000000e+01
2.009999847412109375e+01	2.009999847412109375e+01
1.970000076293945312e+01	1.970000076293945312e+01
-1.459999847412109375e+01	-1.459999847412109375e+01
-7.000000000000000000e+00	-7.000000000000000000e+00
-7.299999237060546875e+00	-7.299999237060546875e+00
-5.399997711181640625e+00	-5.399997711181640625e+00
-1.829999923706054688e+01	-1.829999923706054688e+01
7.999992370605468750e-01	7.999992370605468750e-01
2.029999923706054688e+01	2.029999923706054688e+01
-4.300003051757812500e+00	-4.300003051757812500e+00
2.300000000000000000e+01	2.300000000000000000e+01
-1.609999847412109375e+01	-1.609999847412109375e+01
1.870000076293945312e+01	1.870000076293945312e+01
-1.750000000000000000e+01	-1.750000000000000000e+01
-1.200000000000000000e+01	-1.200000000000000000e+01
1.629999923706054688e+01	1.629999923706054688e+01
1.129999923706054688e+01	1.129999923706054688e+01
-1.290000152587890625e+01	-1.290000152587890625e+01
2.140000152587890625e+01	2.140000152587890625e+01
2.110000228881835938e+01	2.110000228881835938e+01
1.050000000000000000e+01	1.050000000000000000e+01
-2.259999847412109375e+01	-2.259999847412109375e+01
-3.800003051757812500e+00	-3.800003051757812500e+00
-8.400001525878906250e+00	-8.400001525878906250e+00
-1.940000152587890625e+01	-1.940000152587890625e+01
-1.309999847412109375e+01	-1.309999847412109375e+01
2.320000076293945312e+01	2.320000076293945312e+01
1.309999847412109375e+01	1.309999847412109375e+01
-1.190000152587890625e+01	-1.190000152587890625e+01
2.009999847412109375e+01	2.009999847412109375e+01
2.120000076293945312e+01	2.120000076293945312e+01
7.100002288818359375e+00	7.100002288818359375e+00
-9.500000000000000000e+00	-9.500000000000000000e+00
1.979999923706054688e+01	1.979999923706054688e+01
-1.099998474121093750e+00	-1.099998474121093750e+00
1.770000076293945312e+01	1.770000076293945312e+01
1.270000076293945312e+01	1.270000076293945312e+01
-7.000007629394531250e-01	-7.000007629394531250e-01
2.019999694824218750e+01	2.019999694824218750e+01
-1.420000076293945312e+01	-1.420000076293945312e+01
-2.300003051757812500e+00	-2.300003051757812500e+00
-2.459999847412109375e+01	-2.459999847412109375e+01
-2.140000152587890625e+01	-2.140000152587890625e+01
-8.400001525878906250e+00	-8.400001525878906250e+00
2.240000152587890625e+01	2.240000152587890625e+01
9.400001525878906250e+00	9.400001525878906250e+00
5.799995422363281250e+00	5.799995422363281250e+00
-1.009999847412109375e+01	-1.009999847412109375e+01
1.500000000000000000e+00	1.500000000000000000e+00
-2.430000305175781250e+01	-2.430000305175781250e+01
2.330000305175781250e+01	2.330000305175781250e+01
-2.699996948242187500e+00	-2.699996948242187500e+00
-1.019999694824218750e+01	-1.019999694824218750e+01
-1.930000305175781250e+01	-1.930000305175781250e+01
2.250000000000000000e+01	2.250000000000000000e+01
-5.099998474121093750e+00	-5.099998474121093750e+00
1.989999389648437500e+01	1.989999389648437500e+01
9.900001525878906250e+00	9.900001525878906250e+00
-5.600006103515625000e+00	-5.600006103515625000e+00
-1.700004577636718750e+00	-1.700004577636718750e+00
-1.650000000000000000e+01	-1.650000000000000000e+01
5.200004577636718750e+00	5.200004577636718750e+00
1.090000152587890625e+01	1.090000152587890625e+01
6.199996948242187500e+00	6.199996948242187500e+00
1.500000000000000000e+01	1.500000000000000000e+01
-8.300003051757812500e+00	-8.300003051757812500e+00
-2.600006103515625000e+00	-2.600006103515625000e+00
-9.699996948242187500e+00	-9.699996948242187500e+00
-3.899993896484375000e+00	-3.899993896484375000e+00
-1.700000000000000000e+01	-1.700000000000000000e+01
2.000045776367187500e-01	2.000045776367187500e-01
1.080000305175781250e+01	1.080000305175781250e+01
7.500000000000000000e+00	7.500000000000000000e+00
-2.390000152587890625e+01	-2.390000152587890625e+01
-1.180000305175781250e+01	-1.180000305175781250e+01
3.000030517578125000e-01	3.000030517578125000e-01
1.599998474121093750e+00	1.599998474121093750e+00
1.910000610351562500e+01	1.910000610351562500e+01
1.730000305175781250e+01	1.730000305175781250e+01
-5.599998474121093750e+00	-5.599998474121093750e+00
-1.039999389648437500e+01	-1.039999389648437500e+01
-1.240000152587890625e+01	-1.240000152587890625e+01
-1.729999542236328125e+01	-1.729999542236328125e+01
-1.300003051757812500e+00	-1.300003051757812500e+00
1.430000305175781250e+01	1.430000305175781250e+01
-1.150000000000000000e+01	-1.150000000000000000e+01
6.000000000000000000e+00	6.000000000000000000e+00
-3.400001525878906250e+00	-3.400001525878906250e+00
5.500000000000000000e+00	5.500000000000000000e+00
5.200004577636718750e+00	5.200004577636718750e+00
-1.100000000000000000e+01	-1.100000000000000000e+01
-2.019999694824218750e+01	-2.019999694824218750e+01
-2.000000000000000000e+00	-2.000000000000000000e+00
2.200000000000000000e+01	2.200000000000000000e+01
6.099998474121093750e+00	6.099998474121093750e+00
1.470000457763671875e+01	1.470000457763671875e+01
-2.419999694824218750e+01	-2.419999694824218750e+01
-1.060000610351562500e+01	-1.060000610351562500e+01
-2.340000152587890625e+01	-2.340000152587890625e+01
-2.050000000000000000e+01	-2.050000000000000000e+01
-2.369999694824218750e+01	-2.369999694824218750e+01
6.100006103515625000e+00	6.100006103515625000e+00
-2.000045776367187500e-01	-2.000045776367187500e-01
1.000000000000000000e+01	1.000000000000000000e+01
-1.150000000000000000e+01	-1.150000000000000000e+01
-1.709999847412109375e+01	-1.709999847412109375e+01
8.799995422363281250e+00	8.799995422363281250e+00
-8.400001525878906250e+00	-8.400001525878906250e+00
1.440000152587890625e+01	1.440000152587890625e+01
-1.200000000000000000e+01	-1.200000000000000000e+01
2.429999542236328125e+01	2.429999542236328125e+01
-2.359999847412109375e+01	-2.359999847412109375e+01
1.389999389648437500e+01	1.389999389648437500e+01
1.959999847412109375e+01	1.959999847412109375e+01
1.269999694824218750e+01	1.269999694824218750e+01
2.059999847412109375e+01	2.059999847412109375e+01
-2.380000305175781250e+01	-2.380000305175781250e+01
2.009999847412109375e+01	2.009999847412109375e+01
1.809999847412109375e+01	1.809999847412109375e+01
3.400001525878906250e+00	3.400001525878906250e+00
2.409999847412109375e+01	2.409999847412109375e+01
-1.909999847412109375e+01	-1.909999847412109375e+01
-8.700004577636718750e+00	-8.700004577636718750e+00
2.300003051757812500e+00	2.300003051757812500e+00
1.500000000000000000e+01	1.500000000000000000e+01
-1.900000000000000000e+01	-1.900000000000000000e+01
