1.409999990463256836e+01	1.409999990463256836e+01
-1.210000038146972656e+01	-1.210000038146972656e+01
-1.990000009536743164e+01	-1.990000009536743164e+01
-6.000000000000000000e+00	-6.000000000000000000e+00
2.180000019073486328e+01	2.180000019073486328e+01
-1.800000190734863281e+00	-1.800000190734863281e+00
2.430000019073486328e+01	2.430000019073486328e+01
2.500000000000000000e+00	2.500000000000000000e+00
1.699999809265136719e+00	1.699999809265136719e+00
4.000005722045898438e-01	4.000005722045898438e-01
2.400000000000000000e+01	2.400000000000000000e+01
-5.899999618530273438e+00	-5.899999618530273438e+00
-1.980000019073486328e+01	-1.980000019073486328e+01
4.000000000000000000e+00	4.000000000000000000e+00
1.130000019073486328e+01	1.130000019073486328e+01
2.399999618530273438e+00	2.399999618530273438e+00
-1.189999961853027344e+01	-1.189999961853027344e+01
-1.950000000000000000e+01	-1.950000000000000000e+01
2.250000000000000000e+01	2.250000000000000000e+01
1.510000038146972656e+01	1.510000038146972656e+01
2.410000038146972656e+01	2.410000038146972656e+01
-7.600000381469726562e+00	-7.600000381469726562e+00
1.579999923706054688e+01	1.579999923706054688e+01
4.299999237060546875e+00	4.299999237060546875e+00
-2.369999885559082031e+01	-2.369999885559082031e+01
-1.600000000000000000e+01	-1.600000000000000000e+01
2.250000000000000000e+01	2.250000000000000000e+01
-1.600000000000000000e+01	-1.600000000000000000e+01
1.529999923706054688e+01	1.529999923706054688e+01
1.400000000000000000e+01	1.400000000000000000e+01
-1.230000114440917969e+01	-1.230000114440917969e+01
2.030000114440917969e+01	2.030000114440917969e+01
-1.410000038146972656e+01	-1.410000038146972656e+01
1.900000000000000000e+01	1.900000000000000000e+01
-9.200000762939453125e+00	-9.200000762939453125e+00
-5.599998474121093750e+00	-5.599998474121093750e+00
5.199998855590820312e+00	5.199998855590820312e+00
1.369999885559082031e+01	1.369999885559082031e+01
-1.350000000000000000e+01	-1.350000000000000000e+01
2.450000000000000000e+01	2.450000000000000000e+01
2.379999923706054688e+01	2.379999923706054688e+01
-1.089999961853027344e+01	-1.089999961853027344e+01
-1.879999923706054688e+01	-1.879999923706054688e+01
-1.700000762939453125e+00	-1.700000762939453125e+00
-4.600000381469726562e+00	-4.600000381469726562e+00
3.299999237060546875e+00	3.299999237060546875e+00
-9.099998474121093750e+00	-9.099998474121093750e+00
-1.910000038146972656e+01	-1.910000038146972656e+01
-1.030000114440917969e+01	-1.030000114440917969e+01
-4.300001144409179688e+00	-4.300001144409179688e+00
4.000000000000000000e+00	4.000000000000000000e+00
-1.280000114440917969e+01	-1.280000114440917969e+01
-1.729999923706054688e+01	-1.729999923706054688e+01
-1.709999847412109375e+01	-1.709999847412109375e+01
7.500000000000000000e+00	7.500000000000000000e+00
-1.900000000000000000e+01	-1.900000000000000000e+01
-1.879999923706054688e+01	-1.879999923706054688e+01
-2.179999923706054688e+01	-2.179999923706054688e+01
1.429999923706054688e+01	1.429999923706054688e+01
8.599998474121093750e+00	8.599998474121093750e+00
1.309999847412109375e+01	1.309999847412109375e+01
-8.199996948242187500e+00	-8.199996948242187500e+00
1.710000228881835938e+01	1.710000228881835938e+01
2.260000228881835938e+01	2.260000228881835938e+01
-2.350000000000000000e+01	-2.350000000000000000e+01
-9.399997711181640625e+00	-9.399997711181640625e+00
9.700000762939453125e+00	9.700000762939453125e+00
9.000015258789062500e-01	9.000015258789062500e-01
-1.750000000000000000e+01	-1.750000000000000000e+01
-2.290000152587890625e+01	-2.290000152587890625e+01
1.010000228881835938e+01	1.010000228881835938e+01
-1.500000000000000000e+00	-1.500000000000000000e+00
-9.500000000000000000e+00	-9.500000000000000000e+00
1.150000000000000000e+01	1.150000000000000000e+01
-9.899997711181640625e+00	-9.899997711181640625e+00
1.179999923706054688e+01	1.179999923706054688e+01
-3.700000762939453125e+00	-3.700000762939453125e+00
2.179999923706054688e+01	2.179999923706054688e+01
-9.700000762939453125e+00	-9.700000762939453125e+00
-1.500000000000000000e+00	-1.500000000000000000e+00
-1.700000762939453125e+00	-1.700000762939453125e+00
9.000015258789062500e-01	9.000015258789062500e-01
2.270000076293945312e+01	2.270000076293945312e+01
8.700000762939453125e+00	8.700000762939453125e+00
2.290000152587890625e+01	2.290000152587890625e+01
-2.070000076293945312e+01	-2.070000076293945312e+01
3.799999237060546875e+00	3.799999237060546875e+00
1.219999694824218750e+01	1.219999694824218750e+01
4.599998474121093750e+00	4.599998474121093750e+00
-2.320000076293945312e+01	-2.320000076293945312e+01
2.219999694824218750e+01	2.219999694824218750e+01
2.459999847412109375e+01	2.459999847412109375e+01
4.799999237060546875e+00	4.799999237060546875e+00
1.800000000000000000e+01	1.800000000000000000e+01
1.710000228881835938e+01	1.710000228881835938e+01
2.320000076293945312e+01	2.320000076293945312e+01
-8.999977111816406250e-01	-8.999977111816406250e-01
-3.700000762939453125e+00	-3.700000762939453125e+00
8.099998474121093750e+00	8.099998474121093750e+00
-1.539999771118164062e+01	-1.539999771118164062e+01
-1.220000076293945312e+01	-1.220000076293945312e+01
7.100002288818359375e+00	7.100002288818359375e+00
1.789999771118164062e+01	1.789999771118164062e+01
2.000007629394531250e-01	2.000007629394531250e-01
-1.180000305175781250e+01	-1.180000305175781250e+01
-2.370000457763671875e+01	-2.370000457763671875e+01
-4.000000000000000000e+00	-4.000000000000000000e+00
-2.000045776367187500e-01	-2.000045776367187500e-01
-6.000000000000000000e+00	-6.000000000000000000e+00
2.350000000000000000e+01	2.350000000000000000e+01
3.099998474121093750e+00	3.099998474121093750e+00
5.299995422363281250e+00	5.299995422363281250e+00
-1.720000457763671875e+01	-1.720000457763671875e+01
2.420000457763671875e+01	2.420000457763671875e+01
5.199996948242187500e+00	5.199996948242187500e+00
1.100006103515625000e+00	1.100006103515625000e+00
-4.500000000000000000e+00	-4.500000000000000000e+00
2.469999694824218750e+01	2.469999694824218750e+01
2.169999694824218750e+01	2.169999694824218750e+01
-2.440000152587890625e+01	-2.440000152587890625e+01
3.000030517578125000e-01	3.000030517578125000e-01
6.200004577636718750e+00	6.200004577636718750e+00
-1.900000000000000000e+01	-1.900000000000000000e+01
1.940000152587890625e+01	1.940000152587890625e+01
2.290000152587890625e+01	2.290000152587890625e+01
2.140000152587890625e+01	2.140000152587890625e+01
2.700004577636718750e+00	2.700004577636718750e+00
-1.950000000000000000e+01	-1.950000000000000000e+01
2.189999389648437500e+01	2.189999389648437500e+01
8.899993896484375000e+00	8.899993896484375000e+00
-4.699996948242187500e+00	-4.699996948242187500e+00
0.000000000000000000e+00	0.000000000000000000e+00
-1.750000000000000000e+01	-1.750000000000000000e+01
1.620000457763671875e+01	1.620000457763671875e+01
5.700004577636718750e+00	5.700004577636718750e+00
1.279999542236328125e+01	1.279999542236328125e+01
-2.009999847412109375e+01	-2.009999847412109375e+01
-9.800003051757812500e+00	-9.800003051757812500e+00
1.060000610351562500e+01	1.060000610351562500e+01
2.799995422363281250e+00	2.799995422363281250e+00
-6.999969482421875000e-01	-6.999969482421875000e-01
-2.000000000000000000e+00	-2.000000000000000000e+00
9.400001525878906250e+00	9.400001525878906250e+00
2.250000000000000000e+01	2.250000000000000000e+01
2.359999847412109375e+01	2.359999847412109375e+01
2.109999847412109375e+01	2.109999847412109375e+01
8.800003051757812500e+00	8.800003051757812500e+00
1.419999694824218750e+01	1.419999694824218750e+01
-9.500000000000000000e+00	-9.500000000000000000e+00
5.900001525878906250e+00	5.900001525878906250e+00
-2.069999694824218750e+01	-2.069999694824218750e+01
-1.840000152587890625e+01	-1.840000152587890625e+01
1.639999389648437500e+01	1.639999389648437500e+01
