-1.460000000149011612e+01	-1.460000000149011612e+01
-1.699999988079071045e+00	-1.699999988079071045e+00
-1.350000000000000000e+01	-1.350000000000000000e+01
1.030000001192092896e+01	1.030000001192092896e+01
1.000000000000000000e+01	1.000000000000000000e+01
2.280000001192092896e+01	2.280000001192092896e+01
-5.500000000000000000e+00	-5.500000000000000000e+00
1.399999856948852539e+00	1.399999856948852539e+00
-6.399999856948852539e+00	-6.399999856948852539e+00
1.740000009536743164e+01	1.740000009536743164e+01
-4.099999904632568359e+00	-4.099999904632568359e+00
-7.900000095367431641e+00	-7.900000095367431641e+00
2.100000000000000000e+01	2.100000000000000000e+01
1.359999990463256836e+01	1.359999990463256836e+01
1.890000009536743164e+01	1.890000009536743164e+01
8.900000095367431641e+00	8.900000095367431641e+00
-1.189999961853027344e+01	-1.189999961853027344e+01
2.400000095367431641e+00	2.400000095367431641e+00
-1.970000028610229492e+01	-1.970000028610229492e+01
1.059999990463256836e+01	1.059999990463256836e+01
6.300000190734863281e+00	6.300000190734863281e+00
4.099999904632568359e+00	4.099999904632568359e+00
-1.769999980926513672e+01	-1.769999980926513672e+01
-6.700000286102294922e+00	-6.700000286102294922e+00
-2.050000000000000000e+01	-2.050000000000000000e+01
1.150000000000000000e+01	1.150000000000000000e+01
-1.200000000000000000e+01	-1.200000000000000000e+01
1.630000019073486328e+01	1.630000019073486328e+01
-1.899999618530273438e+00	-1.899999618530273438e+00
-9.000000000000000000e+00	-9.000000000000000000e+00
2.169999980926513672e+01	2.169999980926513672e+01
3.599999427795410156e+00	3.599999427795410156e+00
4.000005722045898438e-01	4.000005722045898438e-01
-2.319999980926513672e+01	-2.319999980926513672e+01
2.450000000000000000e+01	2.450000000000000000e+01
1.089999961853027344e+01	1.089999961853027344e+01
-2.000007629394531250e-01	-2.000007629394531250e-01
-2.089999961853027344e+01	-2.089999961853027344e+01
-4.300000190734863281e+00	-4.300000190734863281e+00
-2.419999980926513672e+01	-2.419999980926513672e+01
7.000000000000000000e+00	7.000000000000000000e+00
2.130000019073486328e+01	2.130000019073486328e+01
1.770000076293945312e+01	1.770000076293945312e+01
-2.409999942779541016e+01	-2.409999942779541016e+01
-8.000001907348632812e-01	-8.000001907348632812e-01
8.500000000000000000e+00	8.500000000000000000e+00
-1.000000000000000000e+01	-1.000000000000000000e+01
-1.319999980926513672e+01	-1.319999980926513672e+01
1.300000000000000000e+01	1.300000000000000000e+01
-1.159999942779541016e+01	-1.159999942779541016e+01
-6.000000000000000000e+00	-6.000000000000000000e+00
1.450000000000000000e+01	1.450000000000000000e+01
8.899999618530273438e+00	8.899999618530273438e+00
1.819999885559082031e+01	1.819999885559082031e+01
-2.420000076293945312e+01	-2.420000076293945312e+01
-3.200000762939453125e+00	-3.200000762939453125e+00
-7.699998855590820312e+00	-7.699998855590820312e+00
1.529999923706054688e+01	1.529999923706054688e+01
2.080000114440917969e+01	2.080000114440917969e+01
-3.399999618530273438e+00	-3.399999618530273438e+00
1.799999237060546875e+00	1.799999237060546875e+00
-2.389999961853027344e+01	-2.389999961853027344e+01
-1.740000152587890625e+01	-1.740000152587890625e+01
-1.600000000000000000e+01	-1.600000000000000000e+01
-4.899999618530273438e+00	-4.899999618530273438e+00
8.799999237060546875e+00	8.799999237060546875e+00
1.189999961853027344e+01	1.189999961853027344e+01
-2.300000000000000000e+01	-2.300000000000000000e+01
1.150000000000000000e+01	1.150000000000000000e+01
1.810000038146972656e+01	1.810000038146972656e+01
1.900000000000000000e+01	1.900000000000000000e+01
1.770000076293945312e+01	1.770000076293945312e+01
2.059999847412109375e+01	2.059999847412109375e+01
1.089999961853027344e+01	1.089999961853027344e+01
-1.650000000000000000e+01	-1.650000000000000000e+01
2.450000000000000000e+01	2.450000000000000000e+01
2.119999885559082031e+01	2.119999885559082031e+01
-2.799999237060546875e+00	-2.799999237060546875e+00
-2.310000038146972656e+01	-2.310000038146972656e+01
-2.010000038146972656e+01	-2.010000038146972656e+01
-8.299999237060546875e+00	-8.299999237060546875e+00
-5.900001525878906250e+00	-5.900001525878906250e+00
-2.199998855590820312e+00	-2.199998855590820312e+00
-2.339999961853027344e+01	-2.339999961853027344e+01
-8.300001144409179688e+00	-8.300001144409179688e+00
1.320000076293945312e+01	1.320000076293945312e+01
8.799999237060546875e+00	8.799999237060546875e+00
1.299999237060546875e+00	1.299999237060546875e+00
-2.360000228881835938e+01	-2.360000228881835938e+01
-1.710000228881835938e+01	-1.710000228881835938e+01
-1.750000000000000000e+01	-1.750000000000000000e+01
-1.400000000000000000e+01	-1.400000000000000000e+01
2.900001525878906250e+00	2.900001525878906250e+00
1.429999923706054688e+01	1.429999923706054688e+01
8.099998474121093750e+00	8.099998474121093750e+00
1.529999923706054688e+01	1.529999923706054688e+01
-7.000000000000000000e+00	-7.000000000000000000e+00
-5.699996948242187500e+00	-5.699996948242187500e+00
2.279999923706054688e+01	2.279999923706054688e+01
-4.200000762939453125e+00	-4.200000762939453125e+00
2.299999237060546875e+00	2.299999237060546875e+00
1.239999771118164062e+01	1.239999771118164062e+01
1.950000000000000000e+01	1.950000000000000000e+01
8.300003051757812500e+00	8.300003051757812500e+00
-2.159999847412109375e+01	-2.159999847412109375e+01
-2.279999923706054688e+01	-2.279999923706054688e+01
-1.200000762939453125e+00	-1.200000762939453125e+00
2.140000152587890625e+01	2.140000152587890625e+01
2.489999771118164062e+01	2.489999771118164062e+01
6.299999237060546875e+00	6.299999237060546875e+00
1.519999694824218750e+01	1.519999694824218750e+01
4.799999237060546875e+00	4.799999237060546875e+00
2.400000000000000000e+01	2.400000000000000000e+01
1.369999694824218750e+01	1.369999694824218750e+01
-3.899997711181640625e+00	-3.899997711181640625e+00
-1.000000000000000000e+01	-1.000000000000000000e+01
-2.009999847412109375e+01	-2.009999847412109375e+01
-5.500000000000000000e+00	-5.500000000000000000e+00
-6.200000762939453125e+00	-6.200000762939453125e+00
1.459999847412109375e+01	1.459999847412109375e+01
-1.660000228881835938e+01	-1.660000228881835938e+01
-1.740000152587890625e+01	-1.740000152587890625e+01
-4.500000000000000000e+00	-4.500000000000000000e+00
-2.070000076293945312e+01	-2.070000076293945312e+01
1.779999923706054688e+01	1.779999923706054688e+01
-1.800000000000000000e+01	-1.800000000000000000e+01
-2.490000152587890625e+01	-2.490000152587890625e+01
-1.910000228881835938e+01	-1.910000228881835938e+01
-1.060000228881835938e+01	-1.060000228881835938e+01
-9.000000000000000000e+00	-9.000000000000000000e+00
2.000000000000000000e+00	2.000000000000000000e+00
2.379999923706054688e+01	2.379999923706054688e+01
-1.829999923706054688e+01	-1.829999923706054688e+01
1.600000000000000000e+01	1.600000000000000000e+01
-1.810000228881835938e+01	-1.810000228881835938e+01
-2.060000228881835938e+01	-2.060000228881835938e+01
1.880000305175781250e+01	1.880000305175781250e+01
7.100002288818359375e+00	7.100002288818359375e+00
-1.470000076293945312e+01	-1.470000076293945312e+01
1.079999923706054688e+01	1.079999923706054688e+01
1.059999847412109375e+01	1.059999847412109375e+01
-2.999992370605468750e-01	-2.999992370605468750e-01
-1.780000305175781250e+01	-1.780000305175781250e+01
-3.399997711181640625e+00	-3.399997711181640625e+00
1.530000305175781250e+01	1.530000305175781250e+01
-7.299999237060546875e+00	-7.299999237060546875e+00
-2.500000000000000000e+00	-2.500000000000000000e+00
9.700000762939453125e+00	9.700000762939453125e+00
-1.150000000000000000e+01	-1.150000000000000000e+01
7.500000000000000000e+00	7.500000000000000000e+00
-3.299999237060546875e+00	-3.299999237060546875e+00
-8.799999237060546875e+00	-8.799999237060546875e+00
-1.100000000000000000e+01	-1.100000000000000000e+01
1.609999847412109375e+01	1.609999847412109375e+01
1.000000000000000000e+00	1.000000000000000000e+00
-1.140000152587890625e+01	-1.140000152587890625e+01
-1.100000000000000000e+01	-1.100000000000000000e+01
3.599998474121093750e+00	3.599998474121093750e+00
1.750000000000000000e+01	1.750000000000000000e+01
-5.800003051757812500e+00	-5.800003051757812500e+00
-4.399993896484375000e+00	-4.399993896484375000e+00
-3.400001525878906250e+00	-3.400001525878906250e+00
-1.350000000000000000e+01	-1.350000000000000000e+01
-1.219999694824218750e+01	-1.219999694824218750e+01
-1.200004577636718750e+00	-1.200004577636718750e+00
3.000030517578125000e-01	3.000030517578125000e-01
7.000000000000000000e+00	7.000000000000000000e+00
1.450000000000000000e+01	1.450000000000000000e+01
-1.550000000000000000e+01	-1.550000000000000000e+01
1.550000000000000000e+01	1.550000000000000000e+01
2.470000457763671875e+01	2.470000457763671875e+01
2.229999542236328125e+01	2.229999542236328125e+01
-6.300003051757812500e+00	-6.300003051757812500e+00
1.029999542236328125e+01	1.029999542236328125e+01
2.180000305175781250e+01	2.180000305175781250e+01
1.330000305175781250e+01	1.330000305175781250e+01
-8.599998474121093750e+00	-8.599998474121093750e+00
1.269999694824218750e+01	1.269999694824218750e+01
-2.190000152587890625e+01	-2.190000152587890625e+01
1.770000457763671875e+01	1.770000457763671875e+01
1.599998474121093750e+00	1.599998474121093750e+00
-1.970000457763671875e+01	-1.970000457763671875e+01
1.199996948242187500e+00	1.199996948242187500e+00
1.630000305175781250e+01	1.630000305175781250e+01
-1.479999542236328125e+01	-1.479999542236328125e+01
-2.250000000000000000e+01	-2.250000000000000000e+01
8.200004577636718750e+00	8.200004577636718750e+00
1.729999542236328125e+01	1.729999542236328125e+01
-2.030000305175781250e+01	-2.030000305175781250e+01
-2.409999847412109375e+01	-2.409999847412109375e+01
-2.339999389648437500e+01	-2.339999389648437500e+01
1.579999542236328125e+01	1.579999542236328125e+01
-3.199996948242187500e+00	-3.199996948242187500e+00
2.799995422363281250e+00	2.799995422363281250e+00
