1.780000001192092896e+01	1.780000001192092896e+01
2.380000007152557373e+01	2.380000007152557373e+01
-9.199999928474426270e+00	-9.199999928474426270e+00
1.210000002384185791e+01	1.210000002384185791e+01
-1.220000004768371582e+01	-1.220000004768371582e+01
-1.930000019073486328e+01	-1.930000019073486328e+01
-1.419999980926513672e+01	-1.419999980926513672e+01
-9.999990463256835938e-02	-9.999990463256835938e-02
5.200000286102294922e+00	5.200000286102294922e+00
-1.380000019073486328e+01	-1.380000019073486328e+01
-2.259999990463256836e+01	-2.259999990463256836e+01
2.000002861022949219e-01	2.000002861022949219e-01
-1.600000000000000000e+01	-1.600000000000000000e+01
1.109999990463256836e+01	1.109999990463256836e+01
6.000000000000000000e+00	6.000000000000000000e+00
-2.099999904632568359e+00	-2.099999904632568359e+00
1.619999980926513672e+01	1.619999980926513672e+01
2.799999237060546875e+00	2.799999237060546875e+00
1.600000381469726562e+00	1.600000381469726562e+00
-1.100000000000000000e+01	-1.100000000000000000e+01
2.439999961853027344e+01	2.439999961853027344e+01
-1.760000038146972656e+01	-1.760000038146972656e+01
7.199999809265136719e+00	7.199999809265136719e+00
-1.029999923706054688e+01	-1.029999923706054688e+01
9.699999809265136719e+00	9.699999809265136719e+00
4.599999427795410156e+00	4.599999427795410156e+00
2.480000019073486328e+01	2.480000019073486328e+01
4.400000572204589844e+00	4.400000572204589844e+00
-1.810000038146972656e+01	-1.810000038146972656e+01
-2.150000000000000000e+01	-2.150000000000000000e+01
-1.600000381469726562e+00	-1.600000381469726562e+00
2.100000000000000000e+01	2.100000000000000000e+01
4.500000000000000000e+00	4.500000000000000000e+00
-2.060000038146972656e+01	-2.060000038146972656e+01
1.600000381469726562e+00	1.600000381469726562e+00
2.000000000000000000e+00	2.000000000000000000e+00
-1.989999961853027344e+01	-1.989999961853027344e+01
-1.389999961853027344e+01	-1.389999961853027344e+01
-7.700000762939453125e+00	-7.700000762939453125e+00
8.899999618530273438e+00	8.899999618530273438e+00
-2.380000114440917969e+01	-2.380000114440917969e+01
7.300001144409179688e+00	7.300001144409179688e+00
-1.250000000000000000e+01	-1.250000000000000000e+01
2.430000114440917969e+01	2.430000114440917969e+01
1.980000114440917969e+01	1.980000114440917969e+01
2.289999961853027344e+01	2.289999961853027344e+01
1.500000000000000000e+01	1.500000000000000000e+01
1.950000000000000000e+01	1.950000000000000000e+01
-1.800000000000000000e+01	-1.800000000000000000e+01
-3.500000000000000000e+00	-3.500000000000000000e+00
-6.999969482421875000e-01	-6.999969482421875000e-01
-1.229999923706054688e+01	-1.229999923706054688e+01
3.400001525878906250e+00	3.400001525878906250e+00
-9.799999237060546875e+00	-9.799999237060546875e+00
5.099998474121093750e+00	5.099998474121093750e+00
-8.100002288818359375e+00	-8.100002288818359375e+00
-2.090000152587890625e+01	-2.090000152587890625e+01
1.200000762939453125e+00	1.200000762939453125e+00
9.500000000000000000e+00	9.500000000000000000e+00
1.299999237060546875e+00	1.299999237060546875e+00
2.179999923706054688e+01	2.179999923706054688e+01
-1.159999847412109375e+01	-1.159999847412109375e+01
-2.229999923706054688e+01	-2.229999923706054688e+01
-2.429999923706054688e+01	-2.429999923706054688e+01
4.200000762939453125e+00	4.200000762939453125e+00
1.079999923706054688e+01	1.079999923706054688e+01
2.320000076293945312e+01	2.320000076293945312e+01
-2.700000762939453125e+00	-2.700000762939453125e+00
7.700000762939453125e+00	7.700000762939453125e+00
1.200000000000000000e+01	1.200000000000000000e+01
-1.550000000000000000e+01	-1.550000000000000000e+01
-1.320000076293945312e+01	-1.320000076293945312e+01
-1.829999923706054688e+01	-1.829999923706054688e+01
-1.650000000000000000e+01	-1.650000000000000000e+01
1.519999694824218750e+01	1.519999694824218750e+01
6.000000000000000000e+00	6.000000000000000000e+00
-1.440000152587890625e+01	-1.440000152587890625e+01
-2.170000076293945312e+01	-2.170000076293945312e+01
2.399997711181640625e+00	2.399997711181640625e+00
1.270000076293945312e+01	1.270000076293945312e+01
-6.000022888183593750e-01	-6.000022888183593750e-01
1.960000228881835938e+01	1.960000228881835938e+01
-7.299999237060546875e+00	-7.299999237060546875e+00
1.279999923706054688e+01	1.279999923706054688e+01
-1.300000000000000000e+01	-1.300000000000000000e+01
-1.520000076293945312e+01	-1.520000076293945312e+01
3.299999237060546875e+00	3.299999237060546875e+00
-2.279999923706054688e+01	-2.279999923706054688e+01
-2.300000000000000000e+01	-2.300000000000000000e+01
1.790000152587890625e+01	1.790000152587890625e+01
4.100006103515625000e+00	4.100006103515625000e+00
-1.539999389648437500e+01	-1.539999389648437500e+01
1.509999847412109375e+01	1.509999847412109375e+01
1.940000152587890625e+01	1.940000152587890625e+01
5.500000000000000000e+00	5.500000000000000000e+00
-5.099998474121093750e+00	-5.099998474121093750e+00
1.940000152587890625e+01	1.940000152587890625e+01
-1.669999694824218750e+01	-1.669999694824218750e+01
2.280000305175781250e+01	2.280000305175781250e+01
1.079999542236328125e+01	1.079999542236328125e+01
4.099998474121093750e+00	4.099998474121093750e+00
-1.270000457763671875e+01	-1.270000457763671875e+01
9.099998474121093750e+00	9.099998474121093750e+00
-2.000000000000000000e+01	-2.000000000000000000e+01
-1.340000152587890625e+01	-1.340000152587890625e+01
2.380000305175781250e+01	2.380000305175781250e+01
6.599998474121093750e+00	6.599998474121093750e+00
-1.129999542236328125e+01	-1.129999542236328125e+01
-4.000000000000000000e+00	-4.000000000000000000e+00
2.390000152587890625e+01	2.390000152587890625e+01
1.450000000000000000e+01	1.450000000000000000e+01
-1.080000305175781250e+01	-1.080000305175781250e+01
1.100000000000000000e+01	1.100000000000000000e+01
1.480000305175781250e+01	1.480000305175781250e+01
-1.300000000000000000e+01	-1.300000000000000000e+01
2.019999694824218750e+01	2.019999694824218750e+01
-5.300003051757812500e+00	-5.300003051757812500e+00
1.190000152587890625e+01	1.190000152587890625e+01
1.830000305175781250e+01	1.830000305175781250e+01
2.210000610351562500e+01	2.210000610351562500e+01
1.070000457763671875e+01	1.070000457763671875e+01
1.120000457763671875e+01	1.120000457763671875e+01
-2.429999542236328125e+01	-2.429999542236328125e+01
2.170000457763671875e+01	2.170000457763671875e+01
2.169999694824218750e+01	2.169999694824218750e+01
2.369999694824218750e+01	2.369999694824218750e+01
7.900001525878906250e+00	7.900001525878906250e+00
-1.669999694824218750e+01	-1.669999694824218750e+01
-2.159999847412109375e+01	-2.159999847412109375e+01
2.000000000000000000e+00	2.000000000000000000e+00
7.300003051757812500e+00	7.300003051757812500e+00
2.469999694824218750e+01	2.469999694824218750e+01
1.229999542236328125e+01	1.229999542236328125e+01
3.999938964843750000e-01	3.999938964843750000e-01
1.679999542236328125e+01	1.679999542236328125e+01
-1.009999847412109375e+01	-1.009999847412109375e+01
8.000000000000000000e+00	8.000000000000000000e+00
1.359999847412109375e+01	1.359999847412109375e+01
-1.800000000000000000e+01	-1.800000000000000000e+01
-1.419999694824218750e+01	-1.419999694824218750e+01
-1.990000152587890625e+01	-1.990000152587890625e+01
-6.299995422363281250e+00	-6.299995422363281250e+00
-2.699996948242187500e+00	-2.699996948242187500e+00
6.599998474121093750e+00	6.599998474121093750e+00
-3.300003051757812500e+00	-3.300003051757812500e+00
-2.019999694824218750e+01	-2.019999694824218750e+01
-9.500000000000000000e+00	-9.500000000000000000e+00
-9.400001525878906250e+00	-9.400001525878906250e+00
1.780000305175781250e+01	1.780000305175781250e+01
-7.999954223632812500e-01	-7.999954223632812500e-01
1.919999694824218750e+01	1.919999694824218750e+01
-4.299995422363281250e+00	-4.299995422363281250e+00
-1.570000457763671875e+01	-1.570000457763671875e+01
-7.000000000000000000e+00	-7.000000000000000000e+00
3.000000000000000000e+00	3.000000000000000000e+00
-2.279999542236328125e+01	-2.279999542236328125e+01
-1.599998474121093750e+00	-1.599998474121093750e+00
2.400000000000000000e+01	2.400000000000000000e+01
-2.010000610351562500e+01	-2.010000610351562500e+01
