-1.710000000894069672e+01	-1.710000000894069672e+01
2.000000000000000000e+01	2.000000000000000000e+01
2.600000023841857910e+00	2.600000023841857910e+00
-1.019999998807907104e+01	-1.019999998807907104e+01
8.500000000000000000e+00	8.500000000000000000e+00
-5.299999952316284180e+00	-5.299999952316284180e+00
4.100000023841857910e+00	4.100000023841857910e+00
-2.099999904632568359e+00	-2.099999904632568359e+00
6.900000095367431641e+00	6.900000095367431641e+00
-2.120000004768371582e+01	-2.120000004768371582e+01
-6.500000000000000000e+00	-6.500000000000000000e+00
1.220000004768371582e+01	1.220000004768371582e+01
1.500000000000000000e+01	1.500000000000000000e+01
1.709999990463256836e+01	1.709999990463256836e+01
-3.699999809265136719e+00	-3.699999809265136719e+00
2.169999980926513672e+01	2.169999980926513672e+01
-1.580000019073486328e+01	-1.580000019073486328e+01
-1.450000000000000000e+01	-1.450000000000000000e+01
-1.630000019073486328e+01	-1.630000019073486328e+01
-1.390000009536743164e+01	-1.390000009536743164e+01
-1.460000038146972656e+01	-1.460000038146972656e+01
-1.019999980926513672e+01	-1.019999980926513672e+01
3.800000190734863281e+00	3.800000190734863281e+00
1.570000028610229492e+01	1.570000028610229492e+01
2.300000190734863281e+00	2.300000190734863281e+00
1.920000028610229492e+01	1.920000028610229492e+01
-1.600000381469726562e+00	-1.600000381469726562e+00
2.800000190734863281e+00	2.800000190734863281e+00
2.289999961853027344e+01	2.289999961853027344e+01
3.000001907348632812e-01	3.000001907348632812e-01
2.430000019073486328e+01	2.430000019073486328e+01
-2.269999980926513672e+01	-2.269999980926513672e+01
-2.600000381469726562e+00	-2.600000381469726562e+00
2.369999980926513672e+01	2.369999980926513672e+01
2.320000076293945312e+01	2.320000076293945312e+01
1.100000381469726562e+00	1.100000381469726562e+00
2.119999980926513672e+01	2.119999980926513672e+01
1.380000019073486328e+01	1.380000019073486328e+01
3.100000381469726562e+00	3.100000381469726562e+00
-1.000000000000000000e+00	-1.000000000000000000e+00
-1.169999980926513672e+01	-1.169999980926513672e+01
-2.030000019073486328e+01	-2.030000019073486328e+01
-9.699999809265136719e+00	-9.699999809265136719e+00
-1.580000019073486328e+01	-1.580000019073486328e+01
-1.599999427795410156e+00	-1.599999427795410156e+00
8.200000762939453125e+00	8.200000762939453125e+00
1.319999980926513672e+01	1.319999980926513672e+01
-4.899999618530273438e+00	-4.899999618530273438e+00
1.800001144409179688e+00	1.800001144409179688e+00
1.710000038146972656e+01	1.710000038146972656e+01
1.289999961853027344e+01	1.289999961853027344e+01
-8.200000762939453125e+00	-8.200000762939453125e+00
-2.329999923706054688e+01	-2.329999923706054688e+01
-2.000000000000000000e+01	-2.000000000000000000e+01
-2.450000000000000000e+01	-2.450000000000000000e+01
-1.660000038146972656e+01	-1.660000038146972656e+01
1.360000038146972656e+01	1.360000038146972656e+01
-5.799999237060546875e+00	-5.799999237060546875e+00
-1.760000038146972656e+01	-1.760000038146972656e+01
1.620000076293945312e+01	1.620000076293945312e+01
-1.410000038146972656e+01	-1.410000038146972656e+01
1.510000038146972656e+01	1.510000038146972656e+01
-1.089999961853027344e+01	-1.089999961853027344e+01
-5.000000000000000000e+00	-5.000000000000000000e+00
1.710000038146972656e+01	1.710000038146972656e+01
-1.790000152587890625e+01	-1.790000152587890625e+01
2.400001525878906250e+00	2.400001525878906250e+00
-2.220000076293945312e+01	-2.220000076293945312e+01
7.199998855590820312e+00	7.199998855590820312e+00
1.890000152587890625e+01	1.890000152587890625e+01
5.399999618530273438e+00	5.399999618530273438e+00
-4.399999618530273438e+00	-4.399999618530273438e+00
-1.350000000000000000e+01	-1.350000000000000000e+01
4.399999618530273438e+00	4.399999618530273438e+00
-6.399997711181640625e+00	-6.399997711181640625e+00
0.000000000000000000e+00	0.000000000000000000e+00
1.830000305175781250e+01	1.830000305175781250e+01
1.500000000000000000e+01	1.500000000000000000e+01
2.290000152587890625e+01	2.290000152587890625e+01
-2.459999847412109375e+01	-2.459999847412109375e+01
1.270000076293945312e+01	1.270000076293945312e+01
1.500000000000000000e+00	1.500000000000000000e+00
2.700000762939453125e+00	2.700000762939453125e+00
-4.400001525878906250e+00	-4.400001525878906250e+00
-1.720000076293945312e+01	-1.720000076293945312e+01
-2.470000076293945312e+01	-2.470000076293945312e+01
2.350000000000000000e+01	2.350000000000000000e+01
-1.729999923706054688e+01	-1.729999923706054688e+01
2.470000076293945312e+01	2.470000076293945312e+01
2.150000000000000000e+01	2.150000000000000000e+01
1.000000000000000000e+01	1.000000000000000000e+01
4.200000762939453125e+00	4.200000762939453125e+00
1.350000000000000000e+01	1.350000000000000000e+01
1.139999771118164062e+01	1.139999771118164062e+01
-7.299999237060546875e+00	-7.299999237060546875e+00
2.270000076293945312e+01	2.270000076293945312e+01
1.839999771118164062e+01	1.839999771118164062e+01
-2.210000228881835938e+01	-2.210000228881835938e+01
-1.220000076293945312e+01	-1.220000076293945312e+01
1.310000228881835938e+01	1.310000228881835938e+01
-2.329999923706054688e+01	-2.329999923706054688e+01
-1.760000228881835938e+01	-1.760000228881835938e+01
-1.110000228881835938e+01	-1.110000228881835938e+01
-2.259999847412109375e+01	-2.259999847412109375e+01
-1.870000076293945312e+01	-1.870000076293945312e+01
-2.200000762939453125e+00	-2.200000762939453125e+00
8.999977111816406250e-01	8.999977111816406250e-01
1.309999847412109375e+01	1.309999847412109375e+01
1.709999847412109375e+01	1.709999847412109375e+01
-1.070000076293945312e+01	-1.070000076293945312e+01
-1.620000076293945312e+01	-1.620000076293945312e+01
-3.399997711181640625e+00	-3.399997711181640625e+00
-1.029999923706054688e+01	-1.029999923706054688e+01
1.979999923706054688e+01	1.979999923706054688e+01
-2.039999771118164062e+01	-2.039999771118164062e+01
-8.700000762939453125e+00	-8.700000762939453125e+00
-1.429999923706054688e+01	-1.429999923706054688e+01
2.099998474121093750e+00	2.099998474121093750e+00
-1.310000228881835938e+01	-1.310000228881835938e+01
4.500000000000000000e+00	4.500000000000000000e+00
1.320000076293945312e+01	1.320000076293945312e+01
-4.500000000000000000e+00	-4.500000000000000000e+00
-2.200000762939453125e+00	-2.200000762939453125e+00
2.209999847412109375e+01	2.209999847412109375e+01
2.239999771118164062e+01	2.239999771118164062e+01
1.390000152587890625e+01	1.390000152587890625e+01
-1.000000000000000000e+01	-1.000000000000000000e+01
1.800000000000000000e+01	1.800000000000000000e+01
-1.290000152587890625e+01	-1.290000152587890625e+01
-2.000000000000000000e+00	-2.000000000000000000e+00
-1.600000000000000000e+01	-1.600000000000000000e+01
9.800003051757812500e+00	9.800003051757812500e+00
1.350000000000000000e+01	1.350000000000000000e+01
-3.799995422363281250e+00	-3.799995422363281250e+00
-1.569999694824218750e+01	-1.569999694824218750e+01
-5.699996948242187500e+00	-5.699996948242187500e+00
1.309999847412109375e+01	1.309999847412109375e+01
-2.350000000000000000e+01	-2.350000000000000000e+01
1.819999694824218750e+01	1.819999694824218750e+01
-1.500000000000000000e+01	-1.500000000000000000e+01
-1.340000152587890625e+01	-1.340000152587890625e+01
2.340000152587890625e+01	2.340000152587890625e+01
-5.800003051757812500e+00	-5.800003051757812500e+00
8.199996948242187500e+00	8.199996948242187500e+00
1.559999847412109375e+01	1.559999847412109375e+01
1.420000457763671875e+01	1.420000457763671875e+01
2.070000457763671875e+01	2.070000457763671875e+01
-1.450000000000000000e+01	-1.450000000000000000e+01
2.000000000000000000e+01	2.000000000000000000e+01
8.699996948242187500e+00	8.699996948242187500e+00
5.799995422363281250e+00	5.799995422363281250e+00
2.699996948242187500e+00	2.699996948242187500e+00
