-2.799999952316284180e+00	-2.799999952316284180e+00
1.520000076293945312e+01	1.520000076293945312e+01
-1.479999923706054688e+01	-1.479999923706054688e+01
-1.879999923706054688e+01	-1.879999923706054688e+01
2.000007629394531250e-01	2.000007629394531250e-01
-2.410000228881835938e+01	-2.410000228881835938e+01
1.229999923706054688e+01	1.229999923706054688e+01
-5.800003051757812500e+00	-5.800003051757812500e+00
-1.019999694824218750e+01	-1.019999694824218750e+01
-3.500000000000000000e+00	-3.500000000000000000e+00
0.000000000000000000e+00	0.000000000000000000e+00
-5.599998474121093750e+00	-5.599998474121093750e+00
-3.599998474121093750e+00	-3.599998474121093750e+00
-1.950000000000000000e+01	-1.950000000000000000e+01
-1.440000152587890625e+01	-1.440000152587890625e+01
-1.959999847412109375e+01	-1.959999847412109375e+01
3.799999237060546875e+00	3.799999237060546875e+00
8.500000000000000000e+00	8.500000000000000000e+00
-2.430000305175781250e+01	-2.430000305175781250e+01
1.440000152587890625e+01	1.440000152587890625e+01
-2.209999847412109375e+01	-2.209999847412109375e+01
-1.760000228881835938e+01	-1.760000228881835938e+01
1.920000076293945312e+01	1.920000076293945312e+01
8.899997711181640625e+00	8.899997711181640625e+00
-1.660000228881835938e+01	-1.660000228881835938e+01
-1.630000305175781250e+01	-1.630000305175781250e+01
2.310000228881835938e+01	2.310000228881835938e+01
2.450000000000000000e+01	2.450000000000000000e+01
5.000000000000000000e-01	5.000000000000000000e-01
1.920000076293945312e+01	1.920000076293945312e+01
2.999992370605468750e-01	2.999992370605468750e-01
1.729999923706054688e+01	1.729999923706054688e+01
-1.690000152587890625e+01	-1.690000152587890625e+01
1.570000076293945312e+01	1.570000076293945312e+01
-2.439999771118164062e+01	-2.439999771118164062e+01
7.299999237060546875e+00	7.299999237060546875e+00
-1.209999847412109375e+01	-1.209999847412109375e+01
1.700000762939453125e+00	1.700000762939453125e+00
-2.400000000000000000e+01	-2.400000000000000000e+01
1.000000000000000000e+00	1.000000000000000000e+00
-9.000015258789062500e-01	-9.000015258789062500e-01
1.299999237060546875e+00	1.299999237060546875e+00
-6.699996948242187500e+00	-6.699996948242187500e+00
1.029999923706054688e+01	1.029999923706054688e+01
-7.000000000000000000e+00	-7.000000000000000000e+00
2.229999923706054688e+01	2.229999923706054688e+01
-2.500000000000000000e+00	-2.500000000000000000e+00
1.100000000000000000e+01	1.100000000000000000e+01
1.800000000000000000e+01	1.800000000000000000e+01
2.400001525878906250e+00	2.400001525878906250e+00
-4.000000000000000000e+00	-4.000000000000000000e+00
-1.829999923706054688e+01	-1.829999923706054688e+01
-2.000007629394531250e-01	-2.000007629394531250e-01
-6.300003051757812500e+00	-6.300003051757812500e+00
6.400001525878906250e+00	6.400001525878906250e+00
-6.900001525878906250e+00	-6.900001525878906250e+00
7.400001525878906250e+00	7.400001525878906250e+00
-1.520000457763671875e+01	-1.520000457763671875e+01
8.000030517578125000e-01	8.000030517578125000e-01
-5.999984741210937500e-01	-5.999984741210937500e-01
-7.399993896484375000e+00	-7.399993896484375000e+00
1.029999542236328125e+01	1.029999542236328125e+01
2.490000152587890625e+01	2.490000152587890625e+01
-1.090000152587890625e+01	-1.090000152587890625e+01
1.329999542236328125e+01	1.329999542236328125e+01
2.339999389648437500e+01	2.339999389648437500e+01
-1.150000000000000000e+01	-1.150000000000000000e+01
1.490000152587890625e+01	1.490000152587890625e+01
1.309999847412109375e+01	1.309999847412109375e+01
-1.500000000000000000e+00	-1.500000000000000000e+00
1.769999694824218750e+01	1.769999694824218750e+01
-1.559999847412109375e+01	-1.559999847412109375e+01
-1.810000610351562500e+01	-1.810000610351562500e+01
-3.400001525878906250e+00	-3.400001525878906250e+00
1.030000305175781250e+01	1.030000305175781250e+01
-5.000000000000000000e+00	-5.000000000000000000e+00
2.140000152587890625e+01	2.140000152587890625e+01
-1.340000152587890625e+01	-1.340000152587890625e+01
-1.909999847412109375e+01	-1.909999847412109375e+01
-1.539999389648437500e+01	-1.539999389648437500e+01
-1.850000000000000000e+01	-1.850000000000000000e+01
-1.800003051757812500e+00	-1.800003051757812500e+00
-1.100000000000000000e+01	-1.100000000000000000e+01
1.159999847412109375e+01	1.159999847412109375e+01
2.270000457763671875e+01	2.270000457763671875e+01
-2.220000457763671875e+01	-2.220000457763671875e+01
1.200000000000000000e+01	1.200000000000000000e+01
6.000000000000000000e+00	6.000000000000000000e+00
-9.299995422363281250e+00	-9.299995422363281250e+00
1.509999847412109375e+01	1.509999847412109375e+01
-7.100006103515625000e+00	-7.100006103515625000e+00
1.760000610351562500e+01	1.760000610351562500e+01
-2.170000457763671875e+01	-2.170000457763671875e+01
1.690000152587890625e+01	1.690000152587890625e+01
-2.190000152587890625e+01	-2.190000152587890625e+01
6.599998474121093750e+00	6.599998474121093750e+00
-6.500000000000000000e+00	-6.500000000000000000e+00
-1.119999694824218750e+01	-1.119999694824218750e+01
-2.009999847412109375e+01	-2.009999847412109375e+01
-2.239999389648437500e+01	-2.239999389648437500e+01
3.699996948242187500e+00	3.699996948242187500e+00
-8.000000000000000000e+00	-8.000000000000000000e+00
1.170000457763671875e+01	1.170000457763671875e+01
2.250000000000000000e+01	2.250000000000000000e+01
8.800003051757812500e+00	8.800003051757812500e+00
-1.509999847412109375e+01	-1.509999847412109375e+01
2.179999542236328125e+01	2.179999542236328125e+01
1.619999694824218750e+01	1.619999694824218750e+01
1.300003051757812500e+00	1.300003051757812500e+00
1.050000000000000000e+01	1.050000000000000000e+01
-1.150000000000000000e+01	-1.150000000000000000e+01
-7.300003051757812500e+00	-7.300003051757812500e+00
-1.590000152587890625e+01	-1.590000152587890625e+01
-1.259999847412109375e+01	-1.259999847412109375e+01
2.029999542236328125e+01	2.029999542236328125e+01
-1.580000305175781250e+01	-1.580000305175781250e+01
1.300003051757812500e+00	1.300003051757812500e+00
1.200000000000000000e+01	1.200000000000000000e+01
1.720000457763671875e+01	1.720000457763671875e+01
-8.599998474121093750e+00	-8.599998474121093750e+00
-1.969999694824218750e+01	-1.969999694824218750e+01
-3.500000000000000000e+00	-3.500000000000000000e+00
1.090000152587890625e+01	1.090000152587890625e+01
-3.899993896484375000e+00	-3.899993896484375000e+00
-6.500000000000000000e+00	-6.500000000000000000e+00
-1.769999694824218750e+01	-1.769999694824218750e+01
-1.130000305175781250e+01	-1.130000305175781250e+01
