-1.300000011920928955e+00	1.300000011920928955e+00
5.400000005960464478e+00	-5.400000005960464478e+00
-1.510000002384185791e+01	1.510000002384185791e+01
-1.160000002384185791e+01	1.160000002384185791e+01
-1.659999990463256836e+01	1.659999990463256836e+01
2.030000019073486328e+01	-2.030000019073486328e+01
-5.000000000000000000e+00	5.000000000000000000e+00
2.240000009536743164e+01	-2.240000009536743164e+01
-1.790000009536743164e+01	1.790000009536743164e+01
1.970000076293945312e+01	-1.970000076293945312e+01
-2.200000000000000000e+01	2.200000000000000000e+01
-2.369999980926513672e+01	2.369999980926513672e+01
6.999998092651367188e-01	-6.999998092651367188e-01
-2.330000019073486328e+01	2.330000019073486328e+01
-9.000000000000000000e+00	9.000000000000000000e+00
-2.479999923706054688e+01	2.479999923706054688e+01
-1.060000038146972656e+01	1.060000038146972656e+01
-2.299999237060546875e+00	2.299999237060546875e+00
1.880000019073486328e+01	-1.880000019073486328e+01
1.640000057220458984e+01	-1.640000057220458984e+01
2.289999961853027344e+01	-2.289999961853027344e+01
1.799999237060546875e+00	-1.799999237060546875e+00
1.350000000000000000e+01	-1.350000000000000000e+01
-2.039999961853027344e+01	2.039999961853027344e+01
-1.100000381469726562e+00	1.100000381469726562e+00
-1.519999885559082031e+01	1.519999885559082031e+01
2.039999961853027344e+01	-2.039999961853027344e+01
1.790000152587890625e+01	-1.790000152587890625e+01
2.260000038146972656e+01	-2.260000038146972656e+01
5.399999618530273438e+00	-5.399999618530273438e+00
2.090000152587890625e+01	-2.090000152587890625e+01
2.000000000000000000e+01	-2.000000000000000000e+01
1.370000076293945312e+01	-1.370000076293945312e+01
1.060000038146972656e+01	-1.060000038146972656e+01
2.299999237060546875e+00	-2.299999237060546875e+00
-1.300000000000000000e+01	1.300000000000000000e+01
-3.399999618530273438e+00	3.399999618530273438e+00
1.279999923706054688e+01	-1.279999923706054688e+01
3.100000381469726562e+00	-3.100000381469726562e+00
-2.470000076293945312e+01	2.470000076293945312e+01
-2.479999923706054688e+01	2.479999923706054688e+01
-2.270000076293945312e+01	2.270000076293945312e+01
3.000030517578125000e-01	-3.000030517578125000e-01
2.470000076293945312e+01	-2.470000076293945312e+01
-2.460000228881835938e+01	2.460000228881835938e+01
-1.550000000000000000e+01	1.550000000000000000e+01
2.599998474121093750e+00	-2.599998474121093750e+00
4.600002288818359375e+00	-4.600002288818359375e+00
-3.600002288818359375e+00	3.600002288818359375e+00
2.020000076293945312e+01	-2.020000076293945312e+01
-6.099998474121093750e+00	6.099998474121093750e+00
1.710000228881835938e+01	-1.710000228881835938e+01
1.979999923706054688e+01	-1.979999923706054688e+01
1.870000076293945312e+01	-1.870000076293945312e+01
1.250000000000000000e+01	-1.250000000000000000e+01
-1.720000076293945312e+01	1.720000076293945312e+01
1.379999923706054688e+01	-1.379999923706054688e+01
-6.599998474121093750e+00	6.599998474121093750e+00
1.400000000000000000e+01	-1.400000000000000000e+01
9.999847412109375000e-02	-9.999847412109375000e-02
1.189999771118164062e+01	-1.189999771118164062e+01
-4.600002288818359375e+00	4.600002288818359375e+00
1.120000076293945312e+01	-1.120000076293945312e+01
5.800003051757812500e+00	-5.800003051757812500e+00
-8.400001525878906250e+00	8.400001525878906250e+00
9.500000000000000000e+00	-9.500000000000000000e+00
8.299995422363281250e+00	-8.299995422363281250e+00
1.469999694824218750e+01	-1.469999694824218750e+01
-2.100000000000000000e+01	2.100000000000000000e+01
2.000000000000000000e+01	-2.000000000000000000e+01
-1.400000000000000000e+01	1.400000000000000000e+01
-1.839999389648437500e+01	1.839999389648437500e+01
3.200004577636718750e+00	-3.200004577636718750e+00
2.300000000000000000e+01	-2.300000000000000000e+01
3.000000000000000000e+00	-3.000000000000000000e+00
3.799995422363281250e+00	-3.799995422363281250e+00
8.500000000000000000e+00	-8.500000000000000000e+00
1.440000152587890625e+01	-1.440000152587890625e+01
6.699996948242187500e+00	-6.699996948242187500e+00
-2.450000000000000000e+01	2.450000000000000000e+01
2.339999389648437500e+01	-2.339999389648437500e+01
-5.199996948242187500e+00	5.199996948242187500e+00
1.440000152587890625e+01	-1.440000152587890625e+01
4.000000000000000000e+00	-4.000000000000000000e+00
1.200000000000000000e+01	-1.200000000000000000e+01
7.700004577636718750e+00	-7.700004577636718750e+00
1.000000000000000000e+00	-1.000000000000000000e+00
1.600006103515625000e+00	-1.600006103515625000e+00
1.330000305175781250e+01	-1.330000305175781250e+01
-1.990000152587890625e+01	1.990000152587890625e+01
6.199996948242187500e+00	-6.199996948242187500e+00
2.159999847412109375e+01	-2.159999847412109375e+01
1.550000000000000000e+01	-1.550000000000000000e+01
-8.799995422363281250e+00	8.799995422363281250e+00
2.999954223632812500e-01	-2.999954223632812500e-01
-3.599998474121093750e+00	3.599998474121093750e+00
2.229999542236328125e+01	-2.229999542236328125e+01
1.140000152587890625e+01	-1.140000152587890625e+01
5.600006103515625000e+00	-5.600006103515625000e+00
8.400001525878906250e+00	-8.400001525878906250e+00
1.529999542236328125e+01	-1.529999542236328125e+01
-6.300003051757812500e+00	6.300003051757812500e+00
1.809999847412109375e+01	-1.809999847412109375e+01
1.780000305175781250e+01	-1.780000305175781250e+01
1.000061035156250000e-01	-1.000061035156250000e-01
1.319999694824218750e+01	-1.319999694824218750e+01
-1.340000152587890625e+01	1.340000152587890625e+01
-1.050000000000000000e+01	1.050000000000000000e+01
1.209999847412109375e+01	-1.209999847412109375e+01
-1.369999694824218750e+01	1.369999694824218750e+01
-1.330000305175781250e+01	1.330000305175781250e+01
-1.599998474121093750e+00	1.599998474121093750e+00
1.000000000000000000e+00	-1.000000000000000000e+00
-1.550000000000000000e+01	1.550000000000000000e+01
2.140000152587890625e+01	-2.140000152587890625e+01
8.099998474121093750e+00	-8.099998474121093750e+00
-3.799995422363281250e+00	3.799995422363281250e+00
4.400001525878906250e+00	-4.400001525878906250e+00
