3.099999994039535522e+00	3.099999994039535522e+00
-1.709999996423721313e+01	-1.709999996423721313e+01
-1.000000000000000000e+00	-1.000000000000000000e+00
1.150000000000000000e+01	1.150000000000000000e+01
3.800000071525573730e+00	3.800000071525573730e+00
4.299999952316284180e+00	4.299999952316284180e+00
-3.099999904632568359e+00	-3.099999904632568359e+00
-2.089999961853027344e+01	-2.089999961853027344e+01
1.780000019073486328e+01	1.780000019073486328e+01
2.500000000000000000e+00	2.500000000000000000e+00
-2.350000000000000000e+01	-2.350000000000000000e+01
-7.899999618530273438e+00	-7.899999618530273438e+00
-9.000000000000000000e+00	-9.000000000000000000e+00
5.000000000000000000e-01	5.000000000000000000e-01
-1.370000076293945312e+01	-1.370000076293945312e+01
1.500000000000000000e+01	1.500000000000000000e+01
-9.299999237060546875e+00	-9.299999237060546875e+00
-1.939999961853027344e+01	-1.939999961853027344e+01
-2.360000038146972656e+01	-2.360000038146972656e+01
2.799999237060546875e+00	2.799999237060546875e+00
-7.399999618530273438e+00	-7.399999618530273438e+00
5.000000000000000000e-01	5.000000000000000000e-01
-2.460000038146972656e+01	-2.460000038146972656e+01
1.580000114440917969e+01	1.580000114440917969e+01
-1.989999961853027344e+01	-1.989999961853027344e+01
9.699998855590820312e+00	9.699998855590820312e+00
-5.799999237060546875e+00	-5.799999237060546875e+00
-1.200000000000000000e+01	-1.200000000000000000e+01
-4.200000762939453125e+00	-4.200000762939453125e+00
-1.060000038146972656e+01	-1.060000038146972656e+01
-1.750000000000000000e+01	-1.750000000000000000e+01
1.169999885559082031e+01	1.169999885559082031e+01
1.210000038146972656e+01	1.210000038146972656e+01
1.000000000000000000e+00	1.000000000000000000e+00
8.999996185302734375e-01	8.999996185302734375e-01
-2.019999885559082031e+01	-2.019999885559082031e+01
-1.529999923706054688e+01	-1.529999923706054688e+01
1.460000038146972656e+01	1.460000038146972656e+01
1.529999923706054688e+01	1.529999923706054688e+01
-2.039999961853027344e+01	-2.039999961853027344e+01
-4.500000000000000000e+00	-4.500000000000000000e+00
7.399999618530273438e+00	7.399999618530273438e+00
1.589999771118164062e+01	1.589999771118164062e+01
-1.900001525878906250e+00	-1.900001525878906250e+00
1.190000152587890625e+01	1.190000152587890625e+01
-1.120000076293945312e+01	-1.120000076293945312e+01
-6.099998474121093750e+00	-6.099998474121093750e+00
1.590000152587890625e+01	1.590000152587890625e+01
-4.500000000000000000e+00	-4.500000000000000000e+00
2.079999923706054688e+01	2.079999923706054688e+01
1.770000076293945312e+01	1.770000076293945312e+01
5.699996948242187500e+00	5.699996948242187500e+00
2.029999923706054688e+01	2.029999923706054688e+01
4.099998474121093750e+00	4.099998474121093750e+00
-1.050000000000000000e+01	-1.050000000000000000e+01
4.600002288818359375e+00	4.600002288818359375e+00
7.599998474121093750e+00	7.599998474121093750e+00
-7.000045776367187500e-01	-7.000045776367187500e-01
-2.290000152587890625e+01	-2.290000152587890625e+01
6.600006103515625000e+00	6.600006103515625000e+00
1.309999847412109375e+01	1.309999847412109375e+01
6.000000000000000000e+00	6.000000000000000000e+00
4.900001525878906250e+00	4.900001525878906250e+00
-1.300000000000000000e+01	-1.300000000000000000e+01
-1.819999694824218750e+01	-1.819999694824218750e+01
1.320000457763671875e+01	1.320000457763671875e+01
-2.900001525878906250e+00	-2.900001525878906250e+00
-4.500000000000000000e+00	-4.500000000000000000e+00
-2.409999847412109375e+01	-2.409999847412109375e+01
-9.500000000000000000e+00	-9.500000000000000000e+00
-1.620000457763671875e+01	-1.620000457763671875e+01
-1.829999542236328125e+01	-1.829999542236328125e+01
1.779999542236328125e+01	1.779999542236328125e+01
-1.040000152587890625e+01	-1.040000152587890625e+01
-2.000000000000000000e+00	-2.000000000000000000e+00
1.280000305175781250e+01	1.280000305175781250e+01
-1.919999694824218750e+01	-1.919999694824218750e+01
1.459999847412109375e+01	1.459999847412109375e+01
-2.199996948242187500e+00	-2.199996948242187500e+00
-3.500000000000000000e+00	-3.500000000000000000e+00
8.000030517578125000e-01	8.000030517578125000e-01
5.599998474121093750e+00	5.599998474121093750e+00
-6.300003051757812500e+00	-6.300003051757812500e+00
-2.029999542236328125e+01	-2.029999542236328125e+01
1.219999694824218750e+01	1.219999694824218750e+01
9.700004577636718750e+00	9.700004577636718750e+00
2.390000152587890625e+01	2.390000152587890625e+01
1.409999847412109375e+01	1.409999847412109375e+01
4.199996948242187500e+00	4.199996948242187500e+00
-2.310000610351562500e+01	-2.310000610351562500e+01
2.319999694824218750e+01	2.319999694824218750e+01
-1.840000152587890625e+01	-1.840000152587890625e+01
3.800003051757812500e+00	3.800003051757812500e+00
1.930000305175781250e+01	1.930000305175781250e+01
2.029999542236328125e+01	2.029999542236328125e+01
3.799995422363281250e+00	3.799995422363281250e+00
2.490000152587890625e+01	2.490000152587890625e+01
-2.490000152587890625e+01	-2.490000152587890625e+01
1.100000000000000000e+01	1.100000000000000000e+01
2.409999847412109375e+01	2.409999847412109375e+01
-1.500000000000000000e+00	-1.500000000000000000e+00
2.030000305175781250e+01	2.030000305175781250e+01
9.999847412109375000e-02	9.999847412109375000e-02
-5.800003051757812500e+00	-5.800003051757812500e+00
-2.309999847412109375e+01	-2.309999847412109375e+01
-6.500000000000000000e+00	-6.500000000000000000e+00
-2.079999542236328125e+01	-2.079999542236328125e+01
2.320000457763671875e+01	2.320000457763671875e+01
-9.900001525878906250e+00	-9.900001525878906250e+00
-5.500000000000000000e+00	-5.500000000000000000e+00
-2.699996948242187500e+00	-2.699996948242187500e+00
-1.999969482421875000e-01	-1.999969482421875000e-01
2.109999847412109375e+01	2.109999847412109375e+01
9.000000000000000000e+00	9.000000000000000000e+00
8.500000000000000000e+00	8.500000000000000000e+00
1.590000152587890625e+01	1.590000152587890625e+01
-1.130000305175781250e+01	-1.130000305175781250e+01
-1.770000457763671875e+01	-1.770000457763671875e+01
-3.000000000000000000e+00	-3.000000000000000000e+00
-2.900001525878906250e+00	-2.900001525878906250e+00
2.219999694824218750e+01	2.219999694824218750e+01
2.000000000000000000e+00	2.000000000000000000e+00
9.199996948242187500e+00	9.199996948242187500e+00
2.200000000000000000e+01	2.200000000000000000e+01
-1.509999847412109375e+01	-1.509999847412109375e+01
9.199996948242187500e+00	9.199996948242187500e+00
8.500000000000000000e+00	8.500000000000000000e+00
-5.000000000000000000e+00	-5.000000000000000000e+00
1.480000305175781250e+01	1.480000305175781250e+01
-2.490000152587890625e+01	-2.490000152587890625e+01
2.370000457763671875e+01	2.370000457763671875e+01
4.399993896484375000e+00	4.399993896484375000e+00
-3.199996948242187500e+00	-3.199996948242187500e+00
-1.769999694824218750e+01	-1.769999694824218750e+01
-1.719999694824218750e+01	-1.719999694824218750e+01
-2.300000000000000000e+01	-2.300000000000000000e+01
7.799995422363281250e+00	7.799995422363281250e+00
-8.400001525878906250e+00	-8.400001525878906250e+00
1.340000152587890625e+01	1.340000152587890625e+01
1.979999542236328125e+01	1.979999542236328125e+01
-1.809999847412109375e+01	-1.809999847412109375e+01
2.129999542236328125e+01	2.129999542236328125e+01
2.079999542236328125e+01	2.079999542236328125e+01
-5.699996948242187500e+00	-5.699996948242187500e+00
-3.300003051757812500e+00	-3.300003051757812500e+00
