1.889999999850988388e+01	-1.889999999850988388e+01
-4.800000011920928955e+00	4.800000011920928955e+00
1.000000238418579102e-01	-1.000000238418579102e-01
-1.800000000000000000e+01	1.800000000000000000e+01
-1.080000001192092896e+01	1.080000001192092896e+01
1.480000001192092896e+01	-1.480000001192092896e+01
-9.500000000000000000e+00	9.500000000000000000e+00
1.850000000000000000e+01	-1.850000000000000000e+01
-1.070000004768371582e+01	1.070000004768371582e+01
1.410000002384185791e+01	-1.410000002384185791e+01
-1.829999995231628418e+01	1.829999995231628418e+01
-1.820000004768371582e+01	1.820000004768371582e+01
-9.300000071525573730e+00	9.300000071525573730e+00
-1.600000143051147461e+00	1.600000143051147461e+00
-1.429999995231628418e+01	1.429999995231628418e+01
2.120000004768371582e+01	-2.120000004768371582e+01
-5.800000190734863281e+00	5.800000190734863281e+00
-4.500000000000000000e+00	4.500000000000000000e+00
-1.780000019073486328e+01	1.780000019073486328e+01
-2.099999904632568359e+00	2.099999904632568359e+00
-1.799999713897705078e+00	1.799999713897705078e+00
1.019999980926513672e+01	-1.019999980926513672e+01
-2.190000009536743164e+01	2.190000009536743164e+01
-2.150000000000000000e+01	2.150000000000000000e+01
2.259999990463256836e+01	-2.259999990463256836e+01
2.209999990463256836e+01	-2.209999990463256836e+01
9.000000000000000000e+00	-9.000000000000000000e+00
2.700000762939453125e+00	-2.700000762939453125e+00
1.269999980926513672e+01	-1.269999980926513672e+01
3.699999809265136719e+00	-3.699999809265136719e+00
1.489999961853027344e+01	-1.489999961853027344e+01
1.200000000000000000e+01	-1.200000000000000000e+01
9.900000572204589844e+00	-9.900000572204589844e+00
-3.600000381469726562e+00	3.600000381469726562e+00
1.010000038146972656e+01	-1.010000038146972656e+01
2.260000038146972656e+01	-2.260000038146972656e+01
-1.809999942779541016e+01	1.809999942779541016e+01
-5.999994277954101562e-01	5.999994277954101562e-01
-2.259999942779541016e+01	2.259999942779541016e+01
1.250000000000000000e+01	-1.250000000000000000e+01
-1.619999980926513672e+01	1.619999980926513672e+01
1.750000000000000000e+01	-1.750000000000000000e+01
5.000000000000000000e+00	-5.000000000000000000e+00
-9.199999809265136719e+00	9.199999809265136719e+00
2.369999980926513672e+01	-2.369999980926513672e+01
-1.859999942779541016e+01	1.859999942779541016e+01
-1.869999980926513672e+01	1.869999980926513672e+01
2.150000000000000000e+01	-2.150000000000000000e+01
-2.220000076293945312e+01	2.220000076293945312e+01
-1.800000000000000000e+01	1.800000000000000000e+01
8.600000381469726562e+00	-8.600000381469726562e+00
1.800000000000000000e+01	-1.800000000000000000e+01
2.250000000000000000e+01	-2.250000000000000000e+01
-2.470000076293945312e+01	2.470000076293945312e+01
-2.029999923706054688e+01	2.029999923706054688e+01
1.270000076293945312e+01	-1.270000076293945312e+01
1.700000000000000000e+01	-1.700000000000000000e+01
-1.939999961853027344e+01	1.939999961853027344e+01
2.160000038146972656e+01	-2.160000038146972656e+01
-6.500000000000000000e+00	6.500000000000000000e+00
-2.040000152587890625e+01	2.040000152587890625e+01
5.000000000000000000e+00	-5.000000000000000000e+00
-1.670000076293945312e+01	1.670000076293945312e+01
-8.899999618530273438e+00	8.899999618530273438e+00
1.829999923706054688e+01	-1.829999923706054688e+01
2.460000038146972656e+01	-2.460000038146972656e+01
-1.820000076293945312e+01	1.820000076293945312e+01
6.799999237060546875e+00	-6.799999237060546875e+00
-5.500000000000000000e+00	5.500000000000000000e+00
2.199998855590820312e+00	-2.199998855590820312e+00
2.010000038146972656e+01	-2.010000038146972656e+01
1.689999961853027344e+01	-1.689999961853027344e+01
7.799999237060546875e+00	-7.799999237060546875e+00
-8.000000000000000000e+00	8.000000000000000000e+00
-8.100000381469726562e+00	8.100000381469726562e+00
-1.650000000000000000e+01	1.650000000000000000e+01
5.999984741210937500e-01	-5.999984741210937500e-01
-2.000007629394531250e-01	2.000007629394531250e-01
-4.900001525878906250e+00	4.900001525878906250e+00
-2.070000076293945312e+01	2.070000076293945312e+01
1.120000076293945312e+01	-1.120000076293945312e+01
1.200000762939453125e+00	-1.200000762939453125e+00
3.399997711181640625e+00	-3.399997711181640625e+00
1.519999694824218750e+01	-1.519999694824218750e+01
1.600000000000000000e+01	-1.600000000000000000e+01
-2.020000076293945312e+01	2.020000076293945312e+01
-1.250000000000000000e+01	1.250000000000000000e+01
2.340000152587890625e+01	-2.340000152587890625e+01
-1.470000076293945312e+01	1.470000076293945312e+01
-2.489999771118164062e+01	2.489999771118164062e+01
-2.999992370605468750e-01	2.999992370605468750e-01
-2.279999923706054688e+01	2.279999923706054688e+01
-2.059999847412109375e+01	2.059999847412109375e+01
2.310000228881835938e+01	-2.310000228881835938e+01
-2.239999771118164062e+01	2.239999771118164062e+01
1.160000228881835938e+01	-1.160000228881835938e+01
1.109999847412109375e+01	-1.109999847412109375e+01
-2.030000305175781250e+01	2.030000305175781250e+01
-2.279999923706054688e+01	2.279999923706054688e+01
1.509999847412109375e+01	-1.509999847412109375e+01
6.900001525878906250e+00	-6.900001525878906250e+00
-1.340000152587890625e+01	1.340000152587890625e+01
6.200000762939453125e+00	-6.200000762939453125e+00
2.120000076293945312e+01	-2.120000076293945312e+01
8.899997711181640625e+00	-8.899997711181640625e+00
-1.510000228881835938e+01	1.510000228881835938e+01
-1.130000305175781250e+01	1.130000305175781250e+01
1.229999923706054688e+01	-1.229999923706054688e+01
-4.000015258789062500e-01	4.000015258789062500e-01
-8.299999237060546875e+00	8.299999237060546875e+00
2.400001525878906250e+00	-2.400001525878906250e+00
-1.120000076293945312e+01	1.120000076293945312e+01
-2.300000000000000000e+01	2.300000000000000000e+01
-1.620000076293945312e+01	1.620000076293945312e+01
2.000000000000000000e+00	-2.000000000000000000e+00
-2.599998474121093750e+00	2.599998474121093750e+00
-2.190000152587890625e+01	2.190000152587890625e+01
-1.029999923706054688e+01	1.029999923706054688e+01
-2.500000000000000000e+00	2.500000000000000000e+00
-4.599998474121093750e+00	4.599998474121093750e+00
-3.700000762939453125e+00	3.700000762939453125e+00
-8.500000000000000000e+00	8.500000000000000000e+00
2.220000076293945312e+01	-2.220000076293945312e+01
5.700000762939453125e+00	-5.700000762939453125e+00
-1.850000000000000000e+01	1.850000000000000000e+01
-2.239999771118164062e+01	2.239999771118164062e+01
2.090000152587890625e+01	-2.090000152587890625e+01
1.270000076293945312e+01	-1.270000076293945312e+01
2.270000076293945312e+01	-2.270000076293945312e+01
-6.500000000000000000e+00	6.500000000000000000e+00
2.229999923706054688e+01	-2.229999923706054688e+01
-5.999984741210937500e-01	5.999984741210937500e-01
-2.119999694824218750e+01	2.119999694824218750e+01
6.600002288818359375e+00	-6.600002288818359375e+00
2.999992370605468750e-01	-2.999992370605468750e-01
-2.799999237060546875e+00	2.799999237060546875e+00
2.219999694824218750e+01	-2.219999694824218750e+01
1.380000305175781250e+01	-1.380000305175781250e+01
-2.000000000000000000e+00	2.000000000000000000e+00
1.859999847412109375e+01	-1.859999847412109375e+01
-3.299999237060546875e+00	3.299999237060546875e+00
-1.980000305175781250e+01	1.980000305175781250e+01
-4.199996948242187500e+00	4.199996948242187500e+00
-1.600000000000000000e+01	1.600000000000000000e+01
4.599998474121093750e+00	-4.599998474121093750e+00
-2.479999923706054688e+01	2.479999923706054688e+01
-3.200004577636718750e+00	3.200004577636718750e+00
1.290000152587890625e+01	-1.290000152587890625e+01
8.599998474121093750e+00	-8.599998474121093750e+00
-3.000000000000000000e+00	3.000000000000000000e+00
2.440000152587890625e+01	-2.440000152587890625e+01
1.450000000000000000e+01	-1.450000000000000000e+01
1.969999694824218750e+01	-1.969999694824218750e+01
2.430000305175781250e+01	-2.430000305175781250e+01
2.230000305175781250e+01	-2.230000305175781250e+01
-1.630000305175781250e+01	1.630000305175781250e+01
-1.200000000000000000e+01	1.200000000000000000e+01
-2.219999694824218750e+01	2.219999694824218750e+01
-2.800003051757812500e+00	2.800003051757812500e+00
-2.470000457763671875e+01	2.470000457763671875e+01
1.769999694824218750e+01	-1.769999694824218750e+01
1.780000305175781250e+01	-1.780000305175781250e+01
-1.699996948242187500e+00	1.699996948242187500e+00
-9.800003051757812500e+00	9.800003051757812500e+00
3.900001525878906250e+00	-3.900001525878906250e+00
1.219999694824218750e+01	-1.219999694824218750e+01
3.800003051757812500e+00	-3.800003051757812500e+00
-1.350000000000000000e+01	1.350000000000000000e+01
1.369999694824218750e+01	-1.369999694824218750e+01
-2.269999694824218750e+01	2.269999694824218750e+01
-2.500000000000000000e+00	2.500000000000000000e+00
-4.200004577636718750e+00	4.200004577636718750e+00
-1.219999694824218750e+01	1.219999694824218750e+01
-1.430000305175781250e+01	1.430000305175781250e+01
-1.330000305175781250e+01	1.330000305175781250e+01
-1.280000305175781250e+01	1.280000305175781250e+01
2.019999694824218750e+01	-2.019999694824218750e+01
2.019999694824218750e+01	-2.019999694824218750e+01
-1.760000610351562500e+01	1.760000610351562500e+01
4.900001525878906250e+00	-4.900001525878906250e+00
-8.800003051757812500e+00	8.800003051757812500e+00
2.390000152587890625e+01	-2.390000152587890625e+01
1.950000000000000000e+01	-1.950000000000000000e+01
1.579999542236328125e+01	-1.579999542236328125e+01
-2.209999847412109375e+01	2.209999847412109375e+01
-1.850000000000000000e+01	1.850000000000000000e+01
3.199996948242187500e+00	-3.199996948242187500e+00
-1.230000305175781250e+01	1.230000305175781250e+01
1.159999847412109375e+01	-1.159999847412109375e+01
1.920000457763671875e+01	-1.920000457763671875e+01
2.080000305175781250e+01	-2.080000305175781250e+01
-2.199996948242187500e+00	2.199996948242187500e+00
-4.299995422363281250e+00	4.299995422363281250e+00
-1.000000000000000000e+01	1.000000000000000000e+01
-1.840000152587890625e+01	1.840000152587890625e+01
1.469999694824218750e+01	-1.469999694824218750e+01
-9.000000000000000000e+00	9.000000000000000000e+00
6.299995422363281250e+00	-6.299995422363281250e+00
-1.840000152587890625e+01	1.840000152587890625e+01
-6.699996948242187500e+00	6.699996948242187500e+00
2.199996948242187500e+00	-2.199996948242187500e+00
-1.359999847412109375e+01	1.359999847412109375e+01
2.050000000000000000e+01	-2.050000000000000000e+01
7.900001525878906250e+00	-7.900001525878906250e+00
-2.009999847412109375e+01	2.009999847412109375e+01
-4.000015258789062500e-01	4.000015258789062500e-01
