1.219999998807907104e+01	-1.219999998807907104e+01
-4.199999988079071045e+00	4.199999988079071045e+00
-1.920000004768371582e+01	1.920000004768371582e+01
-2.259999996423721313e+01	2.259999996423721313e+01
2.169999992847442627e+01	-2.169999992847442627e+01
7.299999952316284180e+00	-7.299999952316284180e+00
-1.439999985694885254e+01	1.439999985694885254e+01
-8.399999856948852539e+00	8.399999856948852539e+00
-1.400000000000000000e+01	1.400000000000000000e+01
-1.080000019073486328e+01	1.080000019073486328e+01
5.200000286102294922e+00	-5.200000286102294922e+00
7.800000190734863281e+00	-7.800000190734863281e+00
-4.500000000000000000e+00	4.500000000000000000e+00
2.259999990463256836e+01	-2.259999990463256836e+01
1.089999961853027344e+01	-1.089999961853027344e+01
1.319999980926513672e+01	-1.319999980926513672e+01
2.300000000000000000e+01	-2.300000000000000000e+01
7.399999618530273438e+00	-7.399999618530273438e+00
2.199999809265136719e+00	-2.199999809265136719e+00
9.199999809265136719e+00	-9.199999809265136719e+00
1.889999961853027344e+01	-1.889999961853027344e+01
1.700000762939453125e+00	-1.700000762939453125e+00
7.199999809265136719e+00	-7.199999809265136719e+00
-1.899999618530273438e+00	1.899999618530273438e+00
-2.189999961853027344e+01	2.189999961853027344e+01
3.300000190734863281e+00	-3.300000190734863281e+00
2.000000000000000000e+01	-2.000000000000000000e+01
1.350000000000000000e+01	-1.350000000000000000e+01
-1.650000000000000000e+01	1.650000000000000000e+01
1.719999980926513672e+01	-1.719999980926513672e+01
1.740000057220458984e+01	-1.740000057220458984e+01
1.260000038146972656e+01	-1.260000038146972656e+01
1.809999942779541016e+01	-1.809999942779541016e+01
2.300000000000000000e+01	-2.300000000000000000e+01
2.489999961853027344e+01	-2.489999961853027344e+01
-1.169999980926513672e+01	1.169999980926513672e+01
-1.250000000000000000e+01	1.250000000000000000e+01
-1.700000000000000000e+01	1.700000000000000000e+01
-2.259999942779541016e+01	2.259999942779541016e+01
-7.700000762939453125e+00	7.700000762939453125e+00
-7.699999809265136719e+00	7.699999809265136719e+00
-2.399999618530273438e+00	2.399999618530273438e+00
6.300000190734863281e+00	-6.300000190734863281e+00
7.999992370605468750e-01	-7.999992370605468750e-01
2.500000000000000000e+00	-2.500000000000000000e+00
1.150000000000000000e+01	-1.150000000000000000e+01
1.130000114440917969e+01	-1.130000114440917969e+01
7.900001525878906250e+00	-7.900001525878906250e+00
1.800000000000000000e+01	-1.800000000000000000e+01
1.100000000000000000e+01	-1.100000000000000000e+01
-5.799999237060546875e+00	5.799999237060546875e+00
-2.160000038146972656e+01	2.160000038146972656e+01
2.399999618530273438e+00	-2.399999618530273438e+00
-7.600000381469726562e+00	7.600000381469726562e+00
8.299999237060546875e+00	-8.299999237060546875e+00
-2.010000038146972656e+01	2.010000038146972656e+01
-1.439999961853027344e+01	1.439999961853027344e+01
-2.000000000000000000e+01	2.000000000000000000e+01
1.990000152587890625e+01	-1.990000152587890625e+01
1.490000152587890625e+01	-1.490000152587890625e+01
-1.630000114440917969e+01	1.630000114440917969e+01
2.310000038146972656e+01	-2.310000038146972656e+01
1.059999847412109375e+01	-1.059999847412109375e+01
1.029999923706054688e+01	-1.029999923706054688e+01
1.520000076293945312e+01	-1.520000076293945312e+01
-2.460000038146972656e+01	2.460000038146972656e+01
6.799999237060546875e+00	-6.799999237060546875e+00
-6.800001144409179688e+00	6.800001144409179688e+00
-2.400000000000000000e+01	2.400000000000000000e+01
2.229999923706054688e+01	-2.229999923706054688e+01
8.199998855590820312e+00	-8.199998855590820312e+00
1.760000038146972656e+01	-1.760000038146972656e+01
1.580000114440917969e+01	-1.580000114440917969e+01
2.239999961853027344e+01	-2.239999961853027344e+01
1.780000114440917969e+01	-1.780000114440917969e+01
1.850000000000000000e+01	-1.850000000000000000e+01
-2.059999847412109375e+01	2.059999847412109375e+01
5.400001525878906250e+00	-5.400001525878906250e+00
-1.110000038146972656e+01	1.110000038146972656e+01
8.500000000000000000e+00	-8.500000000000000000e+00
-1.700000000000000000e+01	1.700000000000000000e+01
2.100000000000000000e+01	-2.100000000000000000e+01
-2.010000038146972656e+01	2.010000038146972656e+01
1.860000038146972656e+01	-1.860000038146972656e+01
-2.229999923706054688e+01	2.229999923706054688e+01
5.700000762939453125e+00	-5.700000762939453125e+00
-2.250000000000000000e+01	2.250000000000000000e+01
-2.000000000000000000e+01	2.000000000000000000e+01
-7.500000000000000000e+00	7.500000000000000000e+00
2.260000038146972656e+01	-2.260000038146972656e+01
-4.800001144409179688e+00	4.800001144409179688e+00
-2.479999923706054688e+01	2.479999923706054688e+01
2.899999618530273438e+00	-2.899999618530273438e+00
-1.989999961853027344e+01	1.989999961853027344e+01
1.239999961853027344e+01	-1.239999961853027344e+01
2.479999923706054688e+01	-2.479999923706054688e+01
-1.160000038146972656e+01	1.160000038146972656e+01
1.200000762939453125e+00	-1.200000762939453125e+00
-1.289999961853027344e+01	1.289999961853027344e+01
1.829999923706054688e+01	-1.829999923706054688e+01
-1.400000000000000000e+01	1.400000000000000000e+01
-2.240000152587890625e+01	2.240000152587890625e+01
-2.299999237060546875e+00	2.299999237060546875e+00
-2.429999923706054688e+01	2.429999923706054688e+01
1.529999923706054688e+01	-1.529999923706054688e+01
-1.920000076293945312e+01	1.920000076293945312e+01
8.000000000000000000e+00	-8.000000000000000000e+00
-3.600002288818359375e+00	3.600002288818359375e+00
-2.239999771118164062e+01	2.239999771118164062e+01
2.239999771118164062e+01	-2.239999771118164062e+01
-2.370000076293945312e+01	2.370000076293945312e+01
-5.799999237060546875e+00	5.799999237060546875e+00
2.429999923706054688e+01	-2.429999923706054688e+01
-6.599998474121093750e+00	6.599998474121093750e+00
-2.500000000000000000e+00	2.500000000000000000e+00
-8.000000000000000000e+00	8.000000000000000000e+00
-2.290000152587890625e+01	2.290000152587890625e+01
2.350000000000000000e+01	-2.350000000000000000e+01
-2.400001525878906250e+00	2.400001525878906250e+00
4.100002288818359375e+00	-4.100002288818359375e+00
-9.000015258789062500e-01	9.000015258789062500e-01
-8.700000762939453125e+00	8.700000762939453125e+00
-1.959999847412109375e+01	1.959999847412109375e+01
2.100002288818359375e+00	-2.100002288818359375e+00
2.300000000000000000e+01	-2.300000000000000000e+01
1.529999923706054688e+01	-1.529999923706054688e+01
-2.999992370605468750e-01	2.999992370605468750e-01
3.200000762939453125e+00	-3.200000762939453125e+00
-1.200000000000000000e+01	1.200000000000000000e+01
7.599998474121093750e+00	-7.599998474121093750e+00
3.099998474121093750e+00	-3.099998474121093750e+00
2.999992370605468750e-01	-2.999992370605468750e-01
-1.929999923706054688e+01	1.929999923706054688e+01
1.200000762939453125e+00	-1.200000762939453125e+00
-2.070000076293945312e+01	2.070000076293945312e+01
-8.200000762939453125e+00	8.200000762939453125e+00
8.999977111816406250e-01	-8.999977111816406250e-01
-5.999984741210937500e-01	5.999984741210937500e-01
3.700000762939453125e+00	-3.700000762939453125e+00
2.460000228881835938e+01	-2.460000228881835938e+01
2.340000152587890625e+01	-2.340000152587890625e+01
-8.200000762939453125e+00	8.200000762939453125e+00
6.500000000000000000e+00	-6.500000000000000000e+00
1.900000000000000000e+01	-1.900000000000000000e+01
1.429999923706054688e+01	-1.429999923706054688e+01
-1.409999847412109375e+01	1.409999847412109375e+01
-8.099998474121093750e+00	8.099998474121093750e+00
-7.000007629394531250e-01	7.000007629394531250e-01
-8.799999237060546875e+00	8.799999237060546875e+00
2.190000152587890625e+01	-2.190000152587890625e+01
3.299999237060546875e+00	-3.299999237060546875e+00
-1.570000076293945312e+01	1.570000076293945312e+01
1.279999923706054688e+01	-1.279999923706054688e+01
-4.400001525878906250e+00	4.400001525878906250e+00
2.390000152587890625e+01	-2.390000152587890625e+01
1.360000228881835938e+01	-1.360000228881835938e+01
-2.479999923706054688e+01	2.479999923706054688e+01
-1.419999694824218750e+01	1.419999694824218750e+01
-1.409999847412109375e+01	1.409999847412109375e+01
-1.559999847412109375e+01	1.559999847412109375e+01
1.069999694824218750e+01	-1.069999694824218750e+01
5.999984741210937500e-01	-5.999984741210937500e-01
-2.369999694824218750e+01	2.369999694824218750e+01
2.359999847412109375e+01	-2.359999847412109375e+01
2.039999389648437500e+01	-2.039999389648437500e+01
-2.409999847412109375e+01	2.409999847412109375e+01
-1.300003051757812500e+00	1.300003051757812500e+00
-1.150000000000000000e+01	1.150000000000000000e+01
1.599998474121093750e+00	-1.599998474121093750e+00
-5.500000000000000000e+00	5.500000000000000000e+00
-2.300000000000000000e+01	2.300000000000000000e+01
4.000015258789062500e-01	-4.000015258789062500e-01
6.400001525878906250e+00	-6.400001525878906250e+00
2.250000000000000000e+01	-2.250000000000000000e+01
-2.209999847412109375e+01	2.209999847412109375e+01
1.279999542236328125e+01	-1.279999542236328125e+01
2.500000000000000000e+00	-2.500000000000000000e+00
-9.299995422363281250e+00	9.299995422363281250e+00
2.500000000000000000e+00	-2.500000000000000000e+00
2.999954223632812500e-01	-2.999954223632812500e-01
8.900001525878906250e+00	-8.900001525878906250e+00
1.180000305175781250e+01	-1.180000305175781250e+01
1.479999542236328125e+01	-1.479999542236328125e+01
3.000000000000000000e+00	-3.000000000000000000e+00
-1.029999542236328125e+01	1.029999542236328125e+01
1.309999847412109375e+01	-1.309999847412109375e+01
-1.999969482421875000e-01	1.999969482421875000e-01
2.309999847412109375e+01	-2.309999847412109375e+01
2.030000305175781250e+01	-2.030000305175781250e+01
-2.169999694824218750e+01	2.169999694824218750e+01
3.099998474121093750e+00	-3.099998474121093750e+00
1.900000000000000000e+01	-1.900000000000000000e+01
-2.220000457763671875e+01	2.220000457763671875e+01
-1.290000152587890625e+01	1.290000152587890625e+01
-1.570000457763671875e+01	1.570000457763671875e+01
3.300003051757812500e+00	-3.300003051757812500e+00
2.000000000000000000e+00	-2.000000000000000000e+00
1.529999542236328125e+01	-1.529999542236328125e+01
-6.099998474121093750e+00	6.099998474121093750e+00
2.020000457763671875e+01	-2.020000457763671875e+01
-1.939999389648437500e+01	1.939999389648437500e+01
1.219999694824218750e+01	-1.219999694824218750e+01
1.000000000000000000e+01	-1.000000000000000000e+01
1.600006103515625000e+00	-1.600006103515625000e+00
-1.869999694824218750e+01	1.869999694824218750e+01
2.280000305175781250e+01	-2.280000305175781250e+01
-2.699996948242187500e+00	2.699996948242187500e+00
2.389999389648437500e+01	-2.389999389648437500e+01
2.400000000000000000e+01	-2.400000000000000000e+01
-2.040000152587890625e+01	2.040000152587890625e+01
-2.200004577636718750e+00	2.200004577636718750e+00
-3.500000000000000000e+00	3.500000000000000000e+00
1.700000000000000000e+01	-1.700000000000000000e+01
1.209999847412109375e+01	-1.209999847412109375e+01
-5.199996948242187500e+00	5.199996948242187500e+00
1.579999542236328125e+01	-1.579999542236328125e+01
-2.599998474121093750e+00	2.599998474121093750e+00
-2.090000152587890625e+01	2.090000152587890625e+01
1.099998474121093750e+00	-1.099998474121093750e+00
-3.700004577636718750e+00	3.700004577636718750e+00
-1.539999389648437500e+01	1.539999389648437500e+01
1.519999694824218750e+01	-1.519999694824218750e+01
1.459999847412109375e+01	-1.459999847412109375e+01
-1.900001525878906250e+00	1.900001525878906250e+00
-9.500000000000000000e+00	9.500000000000000000e+00
9.400001525878906250e+00	-9.400001525878906250e+00
-1.469999694824218750e+01	1.469999694824218750e+01
1.550000000000000000e+01	-1.550000000000000000e+01
-2.999954223632812500e-01	2.999954223632812500e-01
1.659999847412109375e+01	-1.659999847412109375e+01
-2.430000305175781250e+01	2.430000305175781250e+01
-7.100006103515625000e+00	7.100006103515625000e+00
-1.800000000000000000e+01	1.800000000000000000e+01
1.529999542236328125e+01	-1.529999542236328125e+01
-5.200004577636718750e+00	5.200004577636718750e+00
-1.510000610351562500e+01	1.510000610351562500e+01
-5.199996948242187500e+00	5.199996948242187500e+00
-8.399993896484375000e+00	8.399993896484375000e+00
-2.229999542236328125e+01	2.229999542236328125e+01
-1.680000305175781250e+01	1.680000305175781250e+01
-1.280000305175781250e+01	1.280000305175781250e+01
-2.400001525878906250e+00	2.400001525878906250e+00
-8.799995422363281250e+00	8.799995422363281250e+00
