-1.439999997615814209e+01	-1.439999997615814209e+01
7.000000000000000000e+00	7.000000000000000000e+00
-8.899999976158142090e+00	-8.899999976158142090e+00
0.000000000000000000e+00	0.000000000000000000e+00
-8.600000023841857910e+00	-8.600000023841857910e+00
-1.350000000000000000e+01	-1.350000000000000000e+01
2.229999995231628418e+01	2.229999995231628418e+01
-9.700000047683715820e+00	-9.700000047683715820e+00
1.700000047683715820e+00	1.700000047683715820e+00
2.500000000000000000e+00	2.500000000000000000e+00
1.500000000000000000e+01	1.500000000000000000e+01
2.009999990463256836e+01	2.009999990463256836e+01
3.500000000000000000e+00	3.500000000000000000e+00
-9.900000095367431641e+00	-9.900000095367431641e+00
-1.640000009536743164e+01	-1.640000009536743164e+01
2.190000009536743164e+01	2.190000009536743164e+01
5.300000190734863281e+00	5.300000190734863281e+00
2.340000009536743164e+01	2.340000009536743164e+01
-1.300000190734863281e+00	-1.300000190734863281e+00
1.280000019073486328e+01	1.280000019073486328e+01
1.739999961853027344e+01	1.739999961853027344e+01
1.119999980926513672e+01	1.119999980926513672e+01
-1.720000076293945312e+01	-1.720000076293945312e+01
-1.069999980926513672e+01	-1.069999980926513672e+01
1.120000076293945312e+01	1.120000076293945312e+01
-1.710000038146972656e+01	-1.710000038146972656e+01
-1.529999923706054688e+01	-1.529999923706054688e+01
3.399999618530273438e+00	3.399999618530273438e+00
-1.130000114440917969e+01	-1.130000114440917969e+01
2.999992370605468750e-01	2.999992370605468750e-01
1.420000076293945312e+01	1.420000076293945312e+01
2.289999961853027344e+01	2.289999961853027344e+01
-6.899999618530273438e+00	-6.899999618530273438e+00
-1.620000076293945312e+01	-1.620000076293945312e+01
-2.300000000000000000e+01	-2.300000000000000000e+01
1.000000000000000000e+01	1.000000000000000000e+01
1.679999923706054688e+01	1.679999923706054688e+01
-1.040000152587890625e+01	-1.040000152587890625e+01
-1.479999923706054688e+01	-1.479999923706054688e+01
-4.599998474121093750e+00	-4.599998474121093750e+00
-1.090000152587890625e+01	-1.090000152587890625e+01
1.600002288818359375e+00	1.600002288818359375e+00
-1.990000152587890625e+01	-1.990000152587890625e+01
-1.250000000000000000e+01	-1.250000000000000000e+01
-1.400001525878906250e+00	-1.400001525878906250e+00
2.059999847412109375e+01	2.059999847412109375e+01
-2.350000000000000000e+01	-2.350000000000000000e+01
-6.599998474121093750e+00	-6.599998474121093750e+00
2.200000000000000000e+01	2.200000000000000000e+01
2.179999923706054688e+01	2.179999923706054688e+01
-1.070000076293945312e+01	-1.070000076293945312e+01
-1.100002288818359375e+00	-1.100002288818359375e+00
-2.100002288818359375e+00	-2.100002288818359375e+00
-9.400001525878906250e+00	-9.400001525878906250e+00
-1.110000228881835938e+01	-1.110000228881835938e+01
1.089999771118164062e+01	1.089999771118164062e+01
1.000000000000000000e+00	1.000000000000000000e+00
1.000022888183593750e-01	1.000022888183593750e-01
3.999977111816406250e-01	3.999977111816406250e-01
-2.200000762939453125e+00	-2.200000762939453125e+00
1.490000152587890625e+01	1.490000152587890625e+01
2.240000152587890625e+01	2.240000152587890625e+01
-2.400001525878906250e+00	-2.400001525878906250e+00
1.509999847412109375e+01	1.509999847412109375e+01
2.000000000000000000e+01	2.000000000000000000e+01
8.200000762939453125e+00	8.200000762939453125e+00
2.799999237060546875e+00	2.799999237060546875e+00
-3.300003051757812500e+00	-3.300003051757812500e+00
-2.189999771118164062e+01	-2.189999771118164062e+01
1.520000076293945312e+01	1.520000076293945312e+01
1.570000076293945312e+01	1.570000076293945312e+01
-3.099998474121093750e+00	-3.099998474121093750e+00
-2.900001525878906250e+00	-2.900001525878906250e+00
2.799999237060546875e+00	2.799999237060546875e+00
7.200000762939453125e+00	7.200000762939453125e+00
1.989999771118164062e+01	1.989999771118164062e+01
-5.199996948242187500e+00	-5.199996948242187500e+00
1.299999237060546875e+00	1.299999237060546875e+00
1.799999237060546875e+00	1.799999237060546875e+00
-7.700000762939453125e+00	-7.700000762939453125e+00
-2.200000000000000000e+01	-2.200000000000000000e+01
-1.150000000000000000e+01	-1.150000000000000000e+01
-5.300003051757812500e+00	-5.300003051757812500e+00
1.020000076293945312e+01	1.020000076293945312e+01
-1.989999771118164062e+01	-1.989999771118164062e+01
1.300000000000000000e+01	1.300000000000000000e+01
-1.520000076293945312e+01	-1.520000076293945312e+01
2.090000152587890625e+01	2.090000152587890625e+01
-1.399997711181640625e+00	-1.399997711181640625e+00
1.669999694824218750e+01	1.669999694824218750e+01
-2.300000000000000000e+01	-2.300000000000000000e+01
1.680000305175781250e+01	1.680000305175781250e+01
-1.460000228881835938e+01	-1.460000228881835938e+01
-1.550000000000000000e+01	-1.550000000000000000e+01
6.599998474121093750e+00	6.599998474121093750e+00
-7.100002288818359375e+00	-7.100002288818359375e+00
-1.520000457763671875e+01	-1.520000457763671875e+01
1.250000000000000000e+01	1.250000000000000000e+01
-6.299995422363281250e+00	-6.299995422363281250e+00
-2.429999542236328125e+01	-2.429999542236328125e+01
2.099998474121093750e+00	2.099998474121093750e+00
-1.589999389648437500e+01	-1.589999389648437500e+01
-1.820000457763671875e+01	-1.820000457763671875e+01
2.240000152587890625e+01	2.240000152587890625e+01
1.400000000000000000e+01	1.400000000000000000e+01
-2.400001525878906250e+00	-2.400001525878906250e+00
1.780000305175781250e+01	1.780000305175781250e+01
-2.699996948242187500e+00	-2.699996948242187500e+00
-1.550000000000000000e+01	-1.550000000000000000e+01
1.139999389648437500e+01	1.139999389648437500e+01
1.099998474121093750e+00	1.099998474121093750e+00
-4.300003051757812500e+00	-4.300003051757812500e+00
9.699996948242187500e+00	9.699996948242187500e+00
2.209999847412109375e+01	2.209999847412109375e+01
-2.000000000000000000e+01	-2.000000000000000000e+01
-2.270000457763671875e+01	-2.270000457763671875e+01
2.040000152587890625e+01	2.040000152587890625e+01
-5.000000000000000000e+00	-5.000000000000000000e+00
-1.290000152587890625e+01	-1.290000152587890625e+01
1.050000000000000000e+01	1.050000000000000000e+01
-9.699996948242187500e+00	-9.699996948242187500e+00
-2.289999389648437500e+01	-2.289999389648437500e+01
-2.359999847412109375e+01	-2.359999847412109375e+01
2.070000457763671875e+01	2.070000457763671875e+01
8.199996948242187500e+00	8.199996948242187500e+00
2.190000152587890625e+01	2.190000152587890625e+01
-1.000000000000000000e+01	-1.000000000000000000e+01
7.500000000000000000e+00	7.500000000000000000e+00
-2.010000610351562500e+01	-2.010000610351562500e+01
1.890000152587890625e+01	1.890000152587890625e+01
-9.999847412109375000e-02	-9.999847412109375000e-02
-2.250000000000000000e+01	-2.250000000000000000e+01
-4.500000000000000000e+00	-4.500000000000000000e+00
-2.000000000000000000e+01	-2.000000000000000000e+01
2.429999542236328125e+01	2.429999542236328125e+01
2.180000305175781250e+01	2.180000305175781250e+01
-6.800003051757812500e+00	-6.800003051757812500e+00
-2.189999389648437500e+01	-2.189999389648437500e+01
1.550000000000000000e+01	1.550000000000000000e+01
-2.000000000000000000e+01	-2.000000000000000000e+01
3.099998474121093750e+00	3.099998474121093750e+00
-8.000000000000000000e+00	-8.000000000000000000e+00
-2.190000152587890625e+01	-2.190000152587890625e+01
1.440000152587890625e+01	1.440000152587890625e+01
4.000000000000000000e+00	4.000000000000000000e+00
-2.200000000000000000e+01	-2.200000000000000000e+01
-1.550000000000000000e+01	-1.550000000000000000e+01
2.430000305175781250e+01	2.430000305175781250e+01
7.000045776367187500e-01	7.000045776367187500e-01
2.799995422363281250e+00	2.799995422363281250e+00
1.120000457763671875e+01	1.120000457763671875e+01
7.600006103515625000e+00	7.600006103515625000e+00
1.209999847412109375e+01	1.209999847412109375e+01
-2.490000152587890625e+01	-2.490000152587890625e+01
1.500000000000000000e+00	1.500000000000000000e+00
2.259999847412109375e+01	2.259999847412109375e+01
-7.500000000000000000e+00	-7.500000000000000000e+00
-1.770000457763671875e+01	-1.770000457763671875e+01
1.250000000000000000e+01	1.250000000000000000e+01
-2.059999847412109375e+01	-2.059999847412109375e+01
-1.640000152587890625e+01	-1.640000152587890625e+01
-2.480000305175781250e+01	-2.480000305175781250e+01
-2.279999542236328125e+01	-2.279999542236328125e+01
1.329999542236328125e+01	1.329999542236328125e+01
1.250000000000000000e+01	1.250000000000000000e+01
-1.600000000000000000e+01	-1.600000000000000000e+01
5.900001525878906250e+00	5.900001525878906250e+00
1.219999694824218750e+01	1.219999694824218750e+01
1.969999694824218750e+01	1.969999694824218750e+01
-7.299995422363281250e+00	-7.299995422363281250e+00
-1.719999694824218750e+01	-1.719999694824218750e+01
-6.000000000000000000e+00	-6.000000000000000000e+00
7.699996948242187500e+00	7.699996948242187500e+00
1.179999542236328125e+01	1.179999542236328125e+01
1.309999847412109375e+01	1.309999847412109375e+01
-1.810000610351562500e+01	-1.810000610351562500e+01
3.400001525878906250e+00	3.400001525878906250e+00
2.229999542236328125e+01	2.229999542236328125e+01
-2.069999694824218750e+01	-2.069999694824218750e+01
8.599998474121093750e+00	8.599998474121093750e+00
-1.250000000000000000e+01	-1.250000000000000000e+01
1.690000152587890625e+01	1.690000152587890625e+01
-2.490000152587890625e+01	-2.490000152587890625e+01
-9.700004577636718750e+00	-9.700004577636718750e+00
8.900001525878906250e+00	8.900001525878906250e+00
1.400000000000000000e+01	1.400000000000000000e+01
1.270000457763671875e+01	1.270000457763671875e+01
9.900001525878906250e+00	9.900001525878906250e+00
5.000000000000000000e+00	5.000000000000000000e+00
2.470000457763671875e+01	2.470000457763671875e+01
5.400001525878906250e+00	5.400001525878906250e+00
2.140000152587890625e+01	2.140000152587890625e+01
-2.000000000000000000e+01	-2.000000000000000000e+01
1.720000457763671875e+01	1.720000457763671875e+01
4.799995422363281250e+00	4.799995422363281250e+00
-6.400001525878906250e+00	-6.400001525878906250e+00
8.500000000000000000e+00	8.500000000000000000e+00
-1.219999694824218750e+01	-1.219999694824218750e+01
-2.450000000000000000e+01	-2.450000000000000000e+01
-4.500000000000000000e+00	-4.500000000000000000e+00
1.220000457763671875e+01	1.220000457763671875e+01
1.140000152587890625e+01	1.140000152587890625e+01
-2.300000000000000000e+01	-2.300000000000000000e+01
-1.769999694824218750e+01	-1.769999694824218750e+01
-3.799995422363281250e+00	-3.799995422363281250e+00
8.000000000000000000e+00	8.000000000000000000e+00
2.139999389648437500e+01	2.139999389648437500e+01
-1.269999694824218750e+01	-1.269999694824218750e+01
4.900001525878906250e+00	4.900001525878906250e+00
-8.000000000000000000e+00	-8.000000000000000000e+00
-1.900000000000000000e+01	-1.900000000000000000e+01
-2.309999847412109375e+01	-2.309999847412109375e+01
-1.480000305175781250e+01	-1.480000305175781250e+01
