-5.799999997019767761e+00	-5.799999997019767761e+00
2.599999964237213135e+00	2.599999964237213135e+00
-2.369999998807907104e+01	-2.369999998807907104e+01
5.100000023841857910e+00	5.100000023841857910e+00
-2.089999985694885254e+01	-2.089999985694885254e+01
-6.900000095367431641e+00	-6.900000095367431641e+00
-9.799999952316284180e+00	-9.799999952316284180e+00
1.870000004768371582e+01	1.870000004768371582e+01
1.690000009536743164e+01	1.690000009536743164e+01
7.200000047683715820e+00	7.200000047683715820e+00
-7.199999809265136719e+00	-7.199999809265136719e+00
-1.540000009536743164e+01	-1.540000009536743164e+01
-1.040000009536743164e+01	-1.040000009536743164e+01
-3.500000000000000000e+00	-3.500000000000000000e+00
1.060000038146972656e+01	1.060000038146972656e+01
1.790000009536743164e+01	1.790000009536743164e+01
-2.299999713897705078e+00	-2.299999713897705078e+00
-2.290000009536743164e+01	-2.290000009536743164e+01
1.239999961853027344e+01	1.239999961853027344e+01
-4.500000000000000000e+00	-4.500000000000000000e+00
9.099999904632568359e+00	9.099999904632568359e+00
-5.599999904632568359e+00	-5.599999904632568359e+00
2.899999618530273438e+00	2.899999618530273438e+00
1.720000076293945312e+01	1.720000076293945312e+01
3.800000190734863281e+00	3.800000190734863281e+00
1.860000038146972656e+01	1.860000038146972656e+01
3.000001907348632812e-01	3.000001907348632812e-01
-2.899999618530273438e+00	-2.899999618530273438e+00
-1.230000019073486328e+01	-1.230000019073486328e+01
2.480000019073486328e+01	2.480000019073486328e+01
-1.689999961853027344e+01	-1.689999961853027344e+01
-1.760000038146972656e+01	-1.760000038146972656e+01
-1.720000076293945312e+01	-1.720000076293945312e+01
-1.380000114440917969e+01	-1.380000114440917969e+01
2.250000000000000000e+01	2.250000000000000000e+01
1.550000000000000000e+01	1.550000000000000000e+01
-1.410000038146972656e+01	-1.410000038146972656e+01
-1.939999961853027344e+01	-1.939999961853027344e+01
1.639999961853027344e+01	1.639999961853027344e+01
4.299999237060546875e+00	4.299999237060546875e+00
1.789999961853027344e+01	1.789999961853027344e+01
-4.500000000000000000e+00	-4.500000000000000000e+00
2.320000076293945312e+01	2.320000076293945312e+01
-2.319999885559082031e+01	-2.319999885559082031e+01
1.210000038146972656e+01	1.210000038146972656e+01
5.200000762939453125e+00	5.200000762939453125e+00
-1.440000152587890625e+01	-1.440000152587890625e+01
7.200000762939453125e+00	7.200000762939453125e+00
1.159999847412109375e+01	1.159999847412109375e+01
6.000000000000000000e+00	6.000000000000000000e+00
-1.000000000000000000e+00	-1.000000000000000000e+00
8.399997711181640625e+00	8.399997711181640625e+00
-8.200000762939453125e+00	-8.200000762939453125e+00
-2.129999923706054688e+01	-2.129999923706054688e+01
-1.619999694824218750e+01	-1.619999694824218750e+01
1.820000076293945312e+01	1.820000076293945312e+01
-2.370000076293945312e+01	-2.370000076293945312e+01
-1.020000076293945312e+01	-1.020000076293945312e+01
1.240000152587890625e+01	1.240000152587890625e+01
1.460000228881835938e+01	1.460000228881835938e+01
8.500000000000000000e+00	8.500000000000000000e+00
-1.150000000000000000e+01	-1.150000000000000000e+01
1.610000228881835938e+01	1.610000228881835938e+01
-2.490000152587890625e+01	-2.490000152587890625e+01
-2.270000076293945312e+01	-2.270000076293945312e+01
-1.500000000000000000e+00	-1.500000000000000000e+00
2.179999923706054688e+01	2.179999923706054688e+01
1.940000152587890625e+01	1.940000152587890625e+01
1.829999923706054688e+01	1.829999923706054688e+01
1.240000152587890625e+01	1.240000152587890625e+01
-1.670000076293945312e+01	-1.670000076293945312e+01
-3.299999237060546875e+00	-3.299999237060546875e+00
6.500000000000000000e+00	6.500000000000000000e+00
1.220000076293945312e+01	1.220000076293945312e+01
-2.359999847412109375e+01	-2.359999847412109375e+01
3.500000000000000000e+00	3.500000000000000000e+00
-7.899997711181640625e+00	-7.899997711181640625e+00
-9.299999237060546875e+00	-9.299999237060546875e+00
1.639999771118164062e+01	1.639999771118164062e+01
5.000000000000000000e-01	5.000000000000000000e-01
-2.230000305175781250e+01	-2.230000305175781250e+01
-9.400001525878906250e+00	-9.400001525878906250e+00
6.599998474121093750e+00	6.599998474121093750e+00
1.029999923706054688e+01	1.029999923706054688e+01
4.500000000000000000e+00	4.500000000000000000e+00
1.419999694824218750e+01	1.419999694824218750e+01
-3.200000762939453125e+00	-3.200000762939453125e+00
6.700000762939453125e+00	6.700000762939453125e+00
4.200000762939453125e+00	4.200000762939453125e+00
-1.099998474121093750e+00	-1.099998474121093750e+00
-7.000000000000000000e+00	-7.000000000000000000e+00
-1.870000076293945312e+01	-1.870000076293945312e+01
-1.479999923706054688e+01	-1.479999923706054688e+01
-1.210000228881835938e+01	-1.210000228881835938e+01
2.300003051757812500e+00	2.300003051757812500e+00
-2.600002288818359375e+00	-2.600002288818359375e+00
2.459999847412109375e+01	2.459999847412109375e+01
-7.599998474121093750e+00	-7.599998474121093750e+00
4.799999237060546875e+00	4.799999237060546875e+00
-6.299999237060546875e+00	-6.299999237060546875e+00
1.099998474121093750e+00	1.099998474121093750e+00
1.879999923706054688e+01	1.879999923706054688e+01
2.260000228881835938e+01	2.260000228881835938e+01
9.200000762939453125e+00	9.200000762939453125e+00
1.640000152587890625e+01	1.640000152587890625e+01
2.339999771118164062e+01	2.339999771118164062e+01
-2.420000076293945312e+01	-2.420000076293945312e+01
2.339999771118164062e+01	2.339999771118164062e+01
-2.320000076293945312e+01	-2.320000076293945312e+01
7.299999237060546875e+00	7.299999237060546875e+00
1.089999771118164062e+01	1.089999771118164062e+01
1.039999771118164062e+01	1.039999771118164062e+01
-7.000007629394531250e-01	-7.000007629394531250e-01
-6.200000762939453125e+00	-6.200000762939453125e+00
-9.700000762939453125e+00	-9.700000762939453125e+00
2.409999847412109375e+01	2.409999847412109375e+01
-2.100000000000000000e+01	-2.100000000000000000e+01
9.299999237060546875e+00	9.299999237060546875e+00
8.200000762939453125e+00	8.200000762939453125e+00
-5.700000762939453125e+00	-5.700000762939453125e+00
9.900001525878906250e+00	9.900001525878906250e+00
-1.130000305175781250e+01	-1.130000305175781250e+01
-2.599998474121093750e+00	-2.599998474121093750e+00
3.500000000000000000e+00	3.500000000000000000e+00
-1.280000305175781250e+01	-1.280000305175781250e+01
1.159999847412109375e+01	1.159999847412109375e+01
-5.699996948242187500e+00	-5.699996948242187500e+00
-1.019999694824218750e+01	-1.019999694824218750e+01
-6.900001525878906250e+00	-6.900001525878906250e+00
-1.330000305175781250e+01	-1.330000305175781250e+01
-1.240000152587890625e+01	-1.240000152587890625e+01
-1.550000000000000000e+01	-1.550000000000000000e+01
6.599998474121093750e+00	6.599998474121093750e+00
8.800003051757812500e+00	8.800003051757812500e+00
2.080000305175781250e+01	2.080000305175781250e+01
9.500000000000000000e+00	9.500000000000000000e+00
-1.289999389648437500e+01	-1.289999389648437500e+01
1.959999847412109375e+01	1.959999847412109375e+01
1.359999847412109375e+01	1.359999847412109375e+01
-2.500000000000000000e+00	-2.500000000000000000e+00
2.109999847412109375e+01	2.109999847412109375e+01
5.000000000000000000e-01	5.000000000000000000e-01
1.159999847412109375e+01	1.159999847412109375e+01
5.200004577636718750e+00	5.200004577636718750e+00
-5.199996948242187500e+00	-5.199996948242187500e+00
3.000000000000000000e+00	3.000000000000000000e+00
-2.440000152587890625e+01	-2.440000152587890625e+01
1.659999847412109375e+01	1.659999847412109375e+01
-1.800000000000000000e+01	-1.800000000000000000e+01
-1.899993896484375000e+00	-1.899993896484375000e+00
5.300003051757812500e+00	5.300003051757812500e+00
-1.969999694824218750e+01	-1.969999694824218750e+01
2.359999847412109375e+01	2.359999847412109375e+01
-1.400000000000000000e+01	-1.400000000000000000e+01
-2.040000152587890625e+01	-2.040000152587890625e+01
-5.199996948242187500e+00	-5.199996948242187500e+00
1.400000000000000000e+01	1.400000000000000000e+01
-1.220000457763671875e+01	-1.220000457763671875e+01
1.309999847412109375e+01	1.309999847412109375e+01
-1.630000305175781250e+01	-1.630000305175781250e+01
-6.000000000000000000e+00	-6.000000000000000000e+00
1.959999847412109375e+01	1.959999847412109375e+01
-1.670000457763671875e+01	-1.670000457763671875e+01
3.300003051757812500e+00	3.300003051757812500e+00
1.199996948242187500e+00	1.199996948242187500e+00
1.179999542236328125e+01	1.179999542236328125e+01
-2.369999694824218750e+01	-2.369999694824218750e+01
1.250000000000000000e+01	1.250000000000000000e+01
-4.000000000000000000e+00	-4.000000000000000000e+00
-1.770000457763671875e+01	-1.770000457763671875e+01
8.900001525878906250e+00	8.900001525878906250e+00
2.200000000000000000e+01	2.200000000000000000e+01
6.100006103515625000e+00	6.100006103515625000e+00
-1.880000305175781250e+01	-1.880000305175781250e+01
-1.269999694824218750e+01	-1.269999694824218750e+01
1.319999694824218750e+01	1.319999694824218750e+01
-2.159999847412109375e+01	-2.159999847412109375e+01
-1.120000457763671875e+01	-1.120000457763671875e+01
1.519999694824218750e+01	1.519999694824218750e+01
9.399993896484375000e+00	9.399993896484375000e+00
4.500000000000000000e+00	4.500000000000000000e+00
1.069999694824218750e+01	1.069999694824218750e+01
-1.230000305175781250e+01	-1.230000305175781250e+01
-3.599998474121093750e+00	-3.599998474121093750e+00
3.600006103515625000e+00	3.600006103515625000e+00
2.110000610351562500e+01	2.110000610351562500e+01
4.199996948242187500e+00	4.199996948242187500e+00
-2.300000000000000000e+01	-2.300000000000000000e+01
2.199996948242187500e+00	2.199996948242187500e+00
-1.789999389648437500e+01	-1.789999389648437500e+01
-1.700000000000000000e+01	-1.700000000000000000e+01
1.480000305175781250e+01	1.480000305175781250e+01
2.000000000000000000e+00	2.000000000000000000e+00
1.719999694824218750e+01	1.719999694824218750e+01
1.030000305175781250e+01	1.030000305175781250e+01
-1.919999694824218750e+01	-1.919999694824218750e+01
-1.330000305175781250e+01	-1.330000305175781250e+01
-7.599998474121093750e+00	-7.599998474121093750e+00
7.999954223632812500e-01	7.999954223632812500e-01
6.300003051757812500e+00	6.300003051757812500e+00
1.539999389648437500e+01	1.539999389648437500e+01
-1.120000457763671875e+01	-1.120000457763671875e+01
-2.169999694824218750e+01	-2.169999694824218750e+01
1.840000152587890625e+01	1.840000152587890625e+01
